life time:0,black_wins:1,white_wins:0,total_win:0,history_black_win:0,history_white_win:0ties:0
[[8, 4, -12, 22, 22, -12, 4, 8], [4, -3, -61, 22, 22, -61, -3, 4], [-12, -61, 49, -58, -58, 49, -61, -12], [22, 22, -58, -8, -8, -58, 22, 22], [22, 22, -58, -8, -8, -58, 22, 22], [-12, -61, 49, -58, -58, 49, -61, -12], [4, -3, -61, 22, 22, -61, -3, 4], [8, 4, -12, 22, 22, -12, 4, 8]]
[[-9, 34, -14, 47, 47, -14, 34, -9], [34, -17, 13, 45, 45, 13, -17, 34], [-14, 13, -28, 37, 37, -28, 13, -14], [47, 45, 37, -45, -45, 37, 45, 47], [47, 45, 37, -45, -45, 37, 45, 47], [-14, 13, -28, 37, 37, -28, 13, -14], [34, -17, 13, 45, 45, 13, -17, 34], [-9, 34, -14, 47, 47, -14, 34, -9]]
[[40, -44, 3, -8, -8, 3, -44, 40], [-44, 23, -36, -18, -18, -36, 23, -44], [3, -36, -62, 61, 61, -62, -36, 3], [-8, -18, 61, -61, -61, 61, -18, -8], [-8, -18, 61, -61, -61, 61, -18, -8], [3, -36, -62, 61, 61, -62, -36, 3], [-44, 23, -36, -18, -18, -36, 23, -44], [40, -44, 3, -8, -8, 3, -44, 40]]
[[63, 50, -39, -27, -27, -39, 50, 63], [50, 35, 26, 27, 27, 26, 35, 50], [-39, 26, -62, -2, -2, -62, 26, -39], [-27, 27, -2, 21, 21, -2, 27, -27], [-27, 27, -2, 21, 21, -2, 27, -27], [-39, 26, -62, -2, -2, -62, 26, -39], [50, 35, 26, 27, 27, 26, 35, 50], [63, 50, -39, -27, -27, -39, 50, 63]]
('1', '[0, 0, 0]', '[-42, -53, -37]', '[-48, -33, -27]')
