life time:0,black_wins:49,white_wins:44,total_win:44,history_black_win:1,history_white_win:0,ties:2
[[59, -51, -53, 30, 30, -53, -51, 59], [-51, -45, 54, -19, -19, 54, -45, -51], [-53, 54, 3, 45, 45, 3, 54, -53], [30, -19, 45, 42, 42, 45, -19, 30], [30, -19, 45, 42, 42, 45, -19, 30], [-53, 54, 3, 45, 45, 3, 54, -53], [-51, -45, 54, -19, -19, 54, -45, -51], [59, -51, -53, 30, 30, -53, -51, 59]]
[[-64, 23, 36, 29, 29, 36, 23, -64], [23, 31, -49, -34, -34, -49, 31, 23], [36, -49, -24, -37, -37, -24, -49, 36], [29, -34, -37, -49, -49, -37, -34, 29], [29, -34, -37, -49, -49, -37, -34, 29], [36, -49, -24, -37, -37, -24, -49, 36], [23, 31, -49, -34, -34, -49, 31, 23], [-64, 23, 36, 29, 29, 36, 23, -64]]
[[3, 50, 59, -48, -48, 59, 50, 3], [50, -5, 6, 51, 51, 6, -5, 50], [59, 6, 62, -36, -36, 62, 6, 59], [-48, 51, -36, -59, -59, -36, 51, -48], [-48, 51, -36, -59, -59, -36, 51, -48], [59, 6, 62, -36, -36, 62, 6, 59], [50, -5, 6, 51, 51, 6, -5, 50], [3, 50, 59, -48, -48, 59, 50, 3]]
[[35, 10, 21, 19, 19, 21, 10, 35], [10, -48, 33, 61, 61, 33, -48, 10], [21, 33, 56, 36, 36, 56, 33, 21], [19, 61, 36, 54, 54, 36, 61, 19], [19, 61, 36, 54, 54, 36, 61, 19], [21, 33, 56, 36, 36, 56, 33, 21], [10, -48, 33, 61, 61, 33, -48, 10], [35, 10, 21, 19, 19, 21, 10, 35]]
('1', '[160, 132, 64]', '[-25, 29, -53]', '[-84, -19, -47]')
life time:0,black_wins:43,white_wins:42,total_win:42,history_black_win:1,history_white_win:1,ties:6
[[55, 49, 2, 21, 21, 2, 49, 55], [49, 26, -48, 52, 52, -48, 26, 49], [2, -48, 10, -16, -16, 10, -48, 2], [21, 52, -16, 22, 22, -16, 52, 21], [21, 52, -16, 22, 22, -16, 52, 21], [2, -48, 10, -16, -16, 10, -48, 2], [49, 26, -48, 52, 52, -48, 26, 49], [55, 49, 2, 21, 21, 2, 49, 55]]
[[32, -9, -17, 14, 14, -17, -9, 32], [-9, 36, 13, 62, 62, 13, 36, -9], [-17, 13, -51, 41, 41, -51, 13, -17], [14, 62, 41, 51, 51, 41, 62, 14], [14, 62, 41, 51, 51, 41, 62, 14], [-17, 13, -51, 41, 41, -51, 13, -17], [-9, 36, 13, 62, 62, 13, 36, -9], [32, -9, -17, 14, 14, -17, -9, 32]]
[[-30, 23, 31, 45, 45, 31, 23, -30], [23, 45, 53, 3, 3, 53, 45, 23], [31, 53, 14, -22, -22, 14, 53, 31], [45, 3, -22, -24, -24, -22, 3, 45], [45, 3, -22, -24, -24, -22, 3, 45], [31, 53, 14, -22, -22, 14, 53, 31], [23, 45, 53, 3, 3, 53, 45, 23], [-30, 23, 31, 45, 45, 31, 23, -30]]
[[48, 53, -31, -20, -20, -31, 53, 48], [53, 40, -42, 0, 0, -42, 40, 53], [-31, -42, 28, -56, -56, 28, -42, -31], [-20, 0, -56, 13, 13, -56, 0, -20], [-20, 0, -56, 13, 13, -56, 0, -20], [-31, -42, 28, -56, -56, 28, -42, -31], [53, 40, -42, 0, 0, -42, 40, 53], [48, 53, -31, -20, -20, -31, 53, 48]]
('1', '[64, 0, 131]', '[-30, -2, -28]', '[-89, -34, -96]')
life time:0,black_wins:44,white_wins:38,total_win:38,history_black_win:0,history_white_win:0,ties:2
[[8, 6, -20, 46, 46, -20, 6, 8], [6, 44, 15, 6, 6, 15, 44, 6], [-20, 15, 0, 10, 10, 0, 15, -20], [46, 6, 10, -50, -50, 10, 6, 46], [46, 6, 10, -50, -50, 10, 6, 46], [-20, 15, 0, 10, 10, 0, 15, -20], [6, 44, 15, 6, 6, 15, 44, 6], [8, 6, -20, 46, 46, -20, 6, 8]]
[[55, -10, -10, 62, 62, -10, -10, 55], [-10, 63, 40, 9, 9, 40, 63, -10], [-10, 40, -58, 62, 62, -58, 40, -10], [62, 9, 62, -9, -9, 62, 9, 62], [62, 9, 62, -9, -9, 62, 9, 62], [-10, 40, -58, 62, 62, -58, 40, -10], [-10, 63, 40, 9, 9, 40, 63, -10], [55, -10, -10, 62, 62, -10, -10, 55]]
[[40, 12, 2, 28, 28, 2, 12, 40], [12, 6, -36, -42, -42, -36, 6, 12], [2, -36, 0, 21, 21, 0, -36, 2], [28, -42, 21, 3, 3, 21, -42, 28], [28, -42, 21, 3, 3, 21, -42, 28], [2, -36, 0, 21, 21, 0, -36, 2], [12, 6, -36, -42, -42, -36, 6, 12], [40, 12, 2, 28, 28, 2, 12, 40]]
[[31, 34, 9, 41, 41, 9, 34, 31], [34, 3, 18, 17, 17, 18, 3, 34], [9, 18, -32, -24, -24, -32, 18, 9], [41, 17, -24, -61, -61, -24, 17, 41], [41, 17, -24, -61, -61, -24, 17, 41], [9, 18, -32, -24, -24, -32, 18, 9], [34, 3, 18, 17, 17, 18, 3, 34], [31, 34, 9, 41, 41, 9, 34, 31]]
('1', '[0, 0, 64]', '[-44, -64, 2]', '[0, -49, -19]')
life time:1,black_wins:35,white_wins:37,total_win:35,history_black_win:0,history_white_win:0,ties:5
[[8, 4, -12, 22, 22, -12, 4, 8], [4, -3, -61, 22, 22, -61, -3, 4], [-12, -61, 49, -58, -58, 49, -61, -12], [22, 22, -58, -8, -8, -58, 22, 22], [22, 22, -58, -8, -8, -58, 22, 22], [-12, -61, 49, -58, -58, 49, -61, -12], [4, -3, -61, 22, 22, -61, -3, 4], [8, 4, -12, 22, 22, -12, 4, 8]]
[[-9, 34, -14, 47, 47, -14, 34, -9], [34, -17, 13, 45, 45, 13, -17, 34], [-14, 13, -28, 37, 37, -28, 13, -14], [47, 45, 37, -45, -45, 37, 45, 47], [47, 45, 37, -45, -45, 37, 45, 47], [-14, 13, -28, 37, 37, -28, 13, -14], [34, -17, 13, 45, 45, 13, -17, 34], [-9, 34, -14, 47, 47, -14, 34, -9]]
[[40, -44, 3, -8, -8, 3, -44, 40], [-44, 23, -36, -18, -18, -36, 23, -44], [3, -36, -62, 61, 61, -62, -36, 3], [-8, -18, 61, -61, -61, 61, -18, -8], [-8, -18, 61, -61, -61, 61, -18, -8], [3, -36, -62, 61, 61, -62, -36, 3], [-44, 23, -36, -18, -18, -36, 23, -44], [40, -44, 3, -8, -8, 3, -44, 40]]
[[63, 50, -39, -27, -27, -39, 50, 63], [50, 35, 26, 27, 27, 26, 35, 50], [-39, 26, -62, -2, -2, -62, 26, -39], [-27, 27, -2, 21, 21, -2, 27, -27], [-27, 27, -2, 21, 21, -2, 27, -27], [-39, 26, -62, -2, -2, -62, 26, -39], [50, 35, 26, 27, 27, 26, 35, 50], [63, 50, -39, -27, -27, -39, 50, 63]]
('1', '[0, 0, 0]', '[-42, -53, -37]', '[-48, -33, -27]')
life time:1,black_wins:35,white_wins:43,total_win:35,history_black_win:0,history_white_win:1,ties:0
[[14, 14, 14, 14, 14, 14, 14, 14], [14, 14, 14, 14, 14, 14, 14, 14], [14, 14, 14, 14, 14, 14, 14, 14], [14, 14, 14, 14, 14, 14, 14, 14], [14, 14, 14, 14, 14, 14, 14, 14], [14, 14, 14, 14, 14, 14, 14, 14], [14, 14, 14, 14, 14, 14, 14, 14], [14, 14, 14, 14, 14, 14, 14, 14]]
[[62, 62, 62, 62, 62, 62, 62, 62], [62, 62, 62, 62, 62, 62, 62, 62], [62, 62, 62, 62, 62, 62, 62, 62], [62, 62, 62, 62, 62, 62, 62, 62], [62, 62, 62, 62, 62, 62, 62, 62], [62, 62, 62, 62, 62, 62, 62, 62], [62, 62, 62, 62, 62, 62, 62, 62], [62, 62, 62, 62, 62, 62, 62, 62]]
[[0, 0, 0, 0, 0, 0, 0, 0], [0, 0, 0, 0, 0, 0, 0, 0], [0, 0, 0, 0, 0, 0, 0, 0], [0, 0, 0, 0, 0, 0, 0, 0], [0, 0, 0, 0, 0, 0, 0, 0], [0, 0, 0, 0, 0, 0, 0, 0], [0, 0, 0, 0, 0, 0, 0, 0], [0, 0, 0, 0, 0, 0, 0, 0]]
[[0, 0, 0, 0, 0, 0, 0, 0], [0, 0, 0, 0, 0, 0, 0, 0], [0, 0, 0, 0, 0, 0, 0, 0], [0, 0, 0, 0, 0, 0, 0, 0], [0, 0, 0, 0, 0, 0, 0, 0], [0, 0, 0, 0, 0, 0, 0, 0], [0, 0, 0, 0, 0, 0, 0, 0], [0, 0, 0, 0, 0, 0, 0, 0]]
('1', '[0, 0, 0]', '[0, 0, 0]', '[0, 0, 0]')
life time:0,black_wins:34,white_wins:38,total_win:34,history_black_win:1,history_white_win:0,ties:4
[[39, -54, -16, -39, -39, -16, -54, 39], [-54, 17, -7, 54, 54, -7, 17, -54], [-16, -7, 2, -16, -16, 2, -7, -16], [-39, 54, -16, 21, 21, -16, 54, -39], [-39, 54, -16, 21, 21, -16, 54, -39], [-16, -7, 2, -16, -16, 2, -7, -16], [-54, 17, -7, 54, 54, -7, 17, -54], [39, -54, -16, -39, -39, -16, -54, 39]]
[[-16, 2, 9, 16, 16, 9, 2, -16], [2, 36, 37, -61, -61, 37, 36, 2], [9, 37, 61, 52, 52, 61, 37, 9], [16, -61, 52, -19, -19, 52, -61, 16], [16, -61, 52, -19, -19, 52, -61, 16], [9, 37, 61, 52, 52, 61, 37, 9], [2, 36, 37, -61, -61, 37, 36, 2], [-16, 2, 9, 16, 16, 9, 2, -16]]
[[-64, 50, 62, 45, 45, 62, 50, -64], [50, 53, 43, -19, -19, 43, 53, 50], [62, 43, 6, 10, 10, 6, 43, 62], [45, -19, 10, 54, 54, 10, -19, 45], [45, -19, 10, 54, 54, 10, -19, 45], [62, 43, 6, 10, 10, 6, 43, 62], [50, 53, 43, -19, -19, 43, 53, 50], [-64, 50, 62, 45, 45, 62, 50, -64]]
[[62, 44, -59, 9, 9, -59, 44, 62], [44, -18, -11, 52, 52, -11, -18, 44], [-59, -11, 46, 25, 25, 46, -11, -59], [9, 52, 25, 3, 3, 25, 52, 9], [9, 52, 25, 3, 3, 25, 52, 9], [-59, -11, 46, 25, 25, 46, -11, -59], [44, -18, -11, 52, 52, -11, -18, 44], [62, 44, -59, 9, 9, -59, 44, 62]]
('1', '[0, 0, 0]', '[41, -56, -58]', '[-80, -62, -33]')
life time:1,black_wins:33,white_wins:36,total_win:33,history_black_win:0,history_white_win:0,ties:0
[[47, 29, -9, 25, 25, -9, 29, 47], [29, 18, 2, -27, -27, 2, 18, 29], [-9, 2, 55, 45, 45, 55, 2, -9], [25, -27, 45, 40, 40, 45, -27, 25], [25, -27, 45, 40, 40, 45, -27, 25], [-9, 2, 55, 45, 45, 55, 2, -9], [29, 18, 2, -27, -27, 2, 18, 29], [47, 29, -9, 25, 25, -9, 29, 47]]
[[32, -58, 54, 1, 1, 54, -58, 32], [-58, 37, 15, -35, -35, 15, 37, -58], [54, 15, -8, -39, -39, -8, 15, 54], [1, -35, -39, -35, -35, -39, -35, 1], [1, -35, -39, -35, -35, -39, -35, 1], [54, 15, -8, -39, -39, -8, 15, 54], [-58, 37, 15, -35, -35, 15, 37, -58], [32, -58, 54, 1, 1, 54, -58, 32]]
[[50, -10, 25, -44, -44, 25, -10, 50], [-10, 26, -55, 34, 34, -55, 26, -10], [25, -55, -14, -4, -4, -14, -55, 25], [-44, 34, -4, -15, -15, -4, 34, -44], [-44, 34, -4, -15, -15, -4, 34, -44], [25, -55, -14, -4, -4, -14, -55, 25], [-10, 26, -55, 34, 34, -55, 26, -10], [50, -10, 25, -44, -44, 25, -10, 50]]
[[19, 8, -44, 20, 20, -44, 8, 19], [8, -38, 1, 61, 61, 1, -38, 8], [-44, 1, 56, 46, 46, 56, 1, -44], [20, 61, 46, 55, 55, 46, 61, 20], [20, 61, 46, 55, 55, 46, 61, 20], [-44, 1, 56, 46, 46, 56, 1, -44], [8, -38, 1, 61, 61, 1, -38, 8], [19, 8, -44, 20, 20, -44, 8, 19]]
('1', '[0, 0, 0]', '[-49, -4, -63]', '[-16, -17, -49]')
life time:1,black_wins:32,white_wins:34,total_win:32,history_black_win:0,history_white_win:0,ties:4
[[27, 53, 42, -12, -12, 42, 53, 27], [53, -60, -23, -52, -52, -23, -60, 53], [42, -23, 9, -19, -19, 9, -23, 42], [-12, -52, -19, 39, 39, -19, -52, -12], [-12, -52, -19, 39, 39, -19, -52, -12], [42, -23, 9, -19, -19, 9, -23, 42], [53, -60, -23, -52, -52, -23, -60, 53], [27, 53, 42, -12, -12, 42, 53, 27]]
[[47, -63, 4, -22, -22, 4, -63, 47], [-63, -64, -56, 17, 17, -56, -64, -63], [4, -56, -39, -25, -25, -39, -56, 4], [-22, 17, -25, 6, 6, -25, 17, -22], [-22, 17, -25, 6, 6, -25, 17, -22], [4, -56, -39, -25, -25, -39, -56, 4], [-63, -64, -56, 17, 17, -56, -64, -63], [47, -63, 4, -22, -22, 4, -63, 47]]
[[-27, -48, 29, 39, 39, 29, -48, -27], [-48, -57, 11, -37, -37, 11, -57, -48], [29, 11, -56, 42, 42, -56, 11, 29], [39, -37, 42, 46, 46, 42, -37, 39], [39, -37, 42, 46, 46, 42, -37, 39], [29, 11, -56, 42, 42, -56, 11, 29], [-48, -57, 11, -37, -37, 11, -57, -48], [-27, -48, 29, 39, 39, 29, -48, -27]]
[[-9, -59, 62, 50, 50, 62, -59, -9], [-59, -32, -2, 53, 53, -2, -32, -59], [62, -2, -13, 2, 2, -13, -2, 62], [50, 53, 2, 54, 54, 2, 53, 50], [50, 53, 2, 54, 54, 2, 53, 50], [62, -2, -13, 2, 2, -13, -2, 62], [-59, -32, -2, 53, 53, -2, -32, -59], [-9, -59, 62, 50, 50, 62, -59, -9]]
('1', '[0, 0, 0]', '[-8, 32, -61]', '[-19, -83, 0]')
life time:1,black_wins:36,white_wins:32,total_win:32,history_black_win:1,history_white_win:0,ties:3
[[-39, 51, 60, -27, -27, 60, 51, -39], [51, 10, -59, 55, 55, -59, 10, 51], [60, -59, 26, -22, -22, 26, -59, 60], [-27, 55, -22, -22, -22, -22, 55, -27], [-27, 55, -22, -22, -22, -22, 55, -27], [60, -59, 26, -22, -22, 26, -59, 60], [51, 10, -59, 55, 55, -59, 10, 51], [-39, 51, 60, -27, -27, 60, 51, -39]]
[[16, 40, 43, -38, -38, 43, 40, 16], [40, 42, 5, -30, -30, 5, 42, 40], [43, 5, 20, -30, -30, 20, 5, 43], [-38, -30, -30, 20, 20, -30, -30, -38], [-38, -30, -30, 20, 20, -30, -30, -38], [43, 5, 20, -30, -30, 20, 5, 43], [40, 42, 5, -30, -30, 5, 42, 40], [16, 40, 43, -38, -38, 43, 40, 16]]
[[-55, -59, -44, -60, -60, -44, -59, -55], [-59, 63, 40, 27, 27, 40, 63, -59], [-44, 40, 25, 13, 13, 25, 40, -44], [-60, 27, 13, 32, 32, 13, 27, -60], [-60, 27, 13, 32, 32, 13, 27, -60], [-44, 40, 25, 13, 13, 25, 40, -44], [-59, 63, 40, 27, 27, 40, 63, -59], [-55, -59, -44, -60, -60, -44, -59, -55]]
[[24, 31, 33, 35, 35, 33, 31, 24], [31, -29, 25, 35, 35, 25, -29, 31], [33, 25, 1, 40, 40, 1, 25, 33], [35, 35, 40, -22, -22, 40, 35, 35], [35, 35, 40, -22, -22, 40, 35, 35], [33, 25, 1, 40, 40, 1, 25, 33], [31, -29, 25, 35, 35, 25, -29, 31], [24, 31, 33, 35, 35, 33, 31, 24]]
('1', '[0, 0, 0]', '[11, 28, 1]', '[0, -119, -23]')
life time:1,black_wins:33,white_wins:32,total_win:32,history_black_win:0,history_white_win:0,ties:3
[[48, -19, -54, 62, 62, -54, -19, 48], [-19, -31, 18, -13, -13, 18, -31, -19], [-54, 18, 16, 15, 15, 16, 18, -54], [62, -13, 15, -22, -22, 15, -13, 62], [62, -13, 15, -22, -22, 15, -13, 62], [-54, 18, 16, 15, 15, 16, 18, -54], [-19, -31, 18, -13, -13, 18, -31, -19], [48, -19, -54, 62, 62, -54, -19, 48]]
[[-64, 5, -20, -34, -34, -20, 5, -64], [5, 26, -49, -18, -18, -49, 26, 5], [-20, -49, -56, -29, -29, -56, -49, -20], [-34, -18, -29, 8, 8, -29, -18, -34], [-34, -18, -29, 8, 8, -29, -18, -34], [-20, -49, -56, -29, -29, -56, -49, -20], [5, 26, -49, -18, -18, -49, 26, 5], [-64, 5, -20, -34, -34, -20, 5, -64]]
[[15, 48, 11, -14, -14, 11, 48, 15], [48, -18, -42, 27, 27, -42, -18, 48], [11, -42, 19, -36, -36, 19, -42, 11], [-14, 27, -36, -60, -60, -36, 27, -14], [-14, 27, -36, -60, -60, -36, 27, -14], [11, -42, 19, -36, -36, 19, -42, 11], [48, -18, -42, 27, 27, -42, -18, 48], [15, 48, 11, -14, -14, 11, 48, 15]]
[[58, 2, 19, 27, 27, 19, 2, 58], [2, 0, -15, 25, 25, -15, 0, 2], [19, -15, 30, -28, -28, 30, -15, 19], [27, 25, -28, 36, 36, -28, 25, 27], [27, 25, -28, 36, 36, -28, 25, 27], [19, -15, 30, -28, -28, 30, -15, 19], [2, 0, -15, 25, 25, -15, 0, 2], [58, 2, 19, 27, 27, 19, 2, 58]]
('1', '[0, 0, 0]', '[-24, -43, -50]', '[-96, -25, -14]')
life time:0,black_wins:32,white_wins:31,total_win:31,history_black_win:1,history_white_win:0,ties:3
[[-52, 12, -28, -27, -27, -28, 12, -52], [12, -58, 11, 12, 12, 11, -58, 12], [-28, 11, 52, -34, -34, 52, 11, -28], [-27, 12, -34, 54, 54, -34, 12, -27], [-27, 12, -34, 54, 54, -34, 12, -27], [-28, 11, 52, -34, -34, 52, 11, -28], [12, -58, 11, 12, 12, 11, -58, 12], [-52, 12, -28, -27, -27, -28, 12, -52]]
[[-34, 56, -23, 43, 43, -23, 56, -34], [56, 7, 61, 40, 40, 61, 7, 56], [-23, 61, 59, 12, 12, 59, 61, -23], [43, 40, 12, 37, 37, 12, 40, 43], [43, 40, 12, 37, 37, 12, 40, 43], [-23, 61, 59, 12, 12, 59, 61, -23], [56, 7, 61, 40, 40, 61, 7, 56], [-34, 56, -23, 43, 43, -23, 56, -34]]
[[6, -61, 5, -12, -12, 5, -61, 6], [-61, 24, 48, -59, -59, 48, 24, -61], [5, 48, -54, -1, -1, -54, 48, 5], [-12, -59, -1, 16, 16, -1, -59, -12], [-12, -59, -1, 16, 16, -1, -59, -12], [5, 48, -54, -1, -1, -54, 48, 5], [-61, 24, 48, -59, -59, 48, 24, -61], [6, -61, 5, -12, -12, 5, -61, 6]]
[[38, 37, 33, -33, -33, 33, 37, 38], [37, -54, -37, 28, 28, -37, -54, 37], [33, -37, 43, -43, -43, 43, -37, 33], [-33, 28, -43, 56, 56, -43, 28, -33], [-33, 28, -43, 56, 56, -43, 28, -33], [33, -37, 43, -43, -43, 43, -37, 33], [37, -54, -37, 28, 28, -37, -54, 37], [38, 37, 33, -33, -33, 33, 37, 38]]
('1', '[0, 0, 16]', '[-5, -31, -56]', '[-63, -1, -100]')
life time:0,black_wins:33,white_wins:31,total_win:31,history_black_win:1,history_white_win:1,ties:3
[[7, 52, -7, -16, -16, -7, 52, 7], [52, -14, 25, -18, -18, 25, -14, 52], [-7, 25, 4, -42, -42, 4, 25, -7], [-16, -18, -42, -28, -28, -42, -18, -16], [-16, -18, -42, -28, -28, -42, -18, -16], [-7, 25, 4, -42, -42, 4, 25, -7], [52, -14, 25, -18, -18, 25, -14, 52], [7, 52, -7, -16, -16, -7, 52, 7]]
[[-2, 32, -55, -62, -62, -55, 32, -2], [32, -33, -29, -34, -34, -29, -33, 32], [-55, -29, 57, -58, -58, 57, -29, -55], [-62, -34, -58, 57, 57, -58, -34, -62], [-62, -34, -58, 57, 57, -58, -34, -62], [-55, -29, 57, -58, -58, 57, -29, -55], [32, -33, -29, -34, -34, -29, -33, 32], [-2, 32, -55, -62, -62, -55, 32, -2]]
[[-5, 14, 16, 19, 19, 16, 14, -5], [14, 25, 39, 60, 60, 39, 25, 14], [16, 39, 3, 53, 53, 3, 39, 16], [19, 60, 53, 26, 26, 53, 60, 19], [19, 60, 53, 26, 26, 53, 60, 19], [16, 39, 3, 53, 53, 3, 39, 16], [14, 25, 39, 60, 60, 39, 25, 14], [-5, 14, 16, 19, 19, 16, 14, -5]]
[[-62, -25, -14, 19, 19, -14, -25, -62], [-25, -59, 49, -16, -16, 49, -59, -25], [-14, 49, -34, 4, 4, -34, 49, -14], [19, -16, 4, -19, -19, 4, -16, 19], [19, -16, 4, -19, -19, 4, -16, 19], [-14, 49, -34, 4, 4, -34, 49, -14], [-25, -59, 49, -16, -16, 49, -59, -25], [-62, -25, -14, 19, 19, -14, -25, -62]]
('1', '[0, 0, 12]', '[-57, -37, -24]', '[-28, -117, 0]')
life time:0,black_wins:32,white_wins:30,total_win:30,history_black_win:0,history_white_win:0,ties:8
[[11, -27, 14, -11, -11, 14, -27, 11], [-27, -60, -51, -36, -36, -51, -60, -27], [14, -51, 26, -19, -19, 26, -51, 14], [-11, -36, -19, 35, 35, -19, -36, -11], [-11, -36, -19, 35, 35, -19, -36, -11], [14, -51, 26, -19, -19, 26, -51, 14], [-27, -60, -51, -36, -36, -51, -60, -27], [11, -27, 14, -11, -11, 14, -27, 11]]
[[59, 25, 1, 59, 59, 1, 25, 59], [25, -64, -21, 18, 18, -21, -64, 25], [1, -21, -35, -17, -17, -35, -21, 1], [59, 18, -17, 6, 6, -17, 18, 59], [59, 18, -17, 6, 6, -17, 18, 59], [1, -21, -35, -17, -17, -35, -21, 1], [25, -64, -21, 18, 18, -21, -64, 25], [59, 25, 1, 59, 59, 1, 25, 59]]
[[36, 24, 28, 39, 39, 28, 24, 36], [24, -48, -24, -8, -8, -24, -48, 24], [28, -24, -51, 34, 34, -51, -24, 28], [39, -8, 34, 50, 50, 34, -8, 39], [39, -8, 34, 50, 50, 34, -8, 39], [28, -24, -51, 34, 34, -51, -24, 28], [24, -48, -24, -8, -8, -24, -48, 24], [36, 24, 28, 39, 39, 28, 24, 36]]
[[3, -36, 57, 42, 42, 57, -36, 3], [-36, -60, -3, 48, 48, -3, -60, -36], [57, -3, -25, 8, 8, -25, -3, 57], [42, 48, 8, -50, -50, 8, 48, 42], [42, 48, 8, -50, -50, 8, 48, 42], [57, -3, -25, 8, 8, -25, -3, 57], [-36, -60, -3, 48, 48, -3, -60, -36], [3, -36, 57, 42, 42, 57, -36, 3]]
('1', '[0, 0, 8]', '[-14, 44, -61]', '[-19, -87, -61]')
life time:1,black_wins:30,white_wins:33,total_win:30,history_black_win:0,history_white_win:0,ties:2
[[-5, -31, 26, -3, -3, 26, -31, -5], [-31, 49, -11, 26, 26, -11, 49, -31], [26, -11, 36, -33, -33, 36, -11, 26], [-3, 26, -33, 47, 47, -33, 26, -3], [-3, 26, -33, 47, 47, -33, 26, -3], [26, -11, 36, -33, -33, 36, -11, 26], [-31, 49, -11, 26, 26, -11, 49, -31], [-5, -31, 26, -3, -3, 26, -31, -5]]
[[1, 50, 50, 25, 25, 50, 50, 1], [50, -22, 14, -7, -7, 14, -22, 50], [50, 14, 22, -53, -53, 22, 14, 50], [25, -7, -53, -64, -64, -53, -7, 25], [25, -7, -53, -64, -64, -53, -7, 25], [50, 14, 22, -53, -53, 22, 14, 50], [50, -22, 14, -7, -7, 14, -22, 50], [1, 50, 50, 25, 25, 50, 50, 1]]
[[-50, -56, 47, 29, 29, 47, -56, -50], [-56, -3, 60, 22, 22, 60, -3, -56], [47, 60, -45, 61, 61, -45, 60, 47], [29, 22, 61, 7, 7, 61, 22, 29], [29, 22, 61, 7, 7, 61, 22, 29], [47, 60, -45, 61, 61, -45, 60, 47], [-56, -3, 60, 22, 22, 60, -3, -56], [-50, -56, 47, 29, 29, 47, -56, -50]]
[[59, 16, -17, -28, -28, -17, 16, 59], [16, 13, 27, -32, -32, 27, 13, 16], [-17, 27, -49, -38, -38, -49, 27, -17], [-28, -32, -38, -16, -16, -38, -32, -28], [-28, -32, -38, -16, -16, -38, -32, -28], [-17, 27, -49, -38, -38, -49, 27, -17], [16, 13, 27, -32, -32, 27, 13, 16], [59, 16, -17, -28, -28, -17, 16, 59]]
('1', '[0, 0, 0]', '[22, -19, -53]', '[-126, -118, -63]')
life time:0,black_wins:29,white_wins:30,total_win:29,history_black_win:0,history_white_win:1,ties:4
[[37, -24, -29, -37, -37, -29, -24, 37], [-24, -12, 12, 44, 44, 12, -12, -24], [-29, 12, 11, 32, 32, 11, 12, -29], [-37, 44, 32, -22, -22, 32, 44, -37], [-37, 44, 32, -22, -22, 32, 44, -37], [-29, 12, 11, 32, 32, 11, 12, -29], [-24, -12, 12, 44, 44, 12, -12, -24], [37, -24, -29, -37, -37, -29, -24, 37]]
[[43, 2, 17, -53, -53, 17, 2, 43], [2, 54, -4, -48, -48, -4, 54, 2], [17, -4, 12, 27, 27, 12, -4, 17], [-53, -48, 27, 25, 25, 27, -48, -53], [-53, -48, 27, 25, 25, 27, -48, -53], [17, -4, 12, 27, 27, 12, -4, 17], [2, 54, -4, -48, -48, -4, 54, 2], [43, 2, 17, -53, -53, 17, 2, 43]]
[[-42, 59, 11, 16, 16, 11, 59, -42], [59, -6, -7, -23, -23, -7, -6, 59], [11, -7, 4, -58, -58, 4, -7, 11], [16, -23, -58, 11, 11, -58, -23, 16], [16, -23, -58, 11, 11, -58, -23, 16], [11, -7, 4, -58, -58, 4, -7, 11], [59, -6, -7, -23, -23, -7, -6, 59], [-42, 59, 11, 16, 16, 11, 59, -42]]
[[33, -9, 21, 51, 51, 21, -9, 33], [-9, 60, -11, -16, -16, -11, 60, -9], [21, -11, 7, 58, 58, 7, -11, 21], [51, -16, 58, 10, 10, 58, -16, 51], [51, -16, 58, 10, 10, 58, -16, 51], [21, -11, 7, 58, 58, 7, -11, 21], [-9, 60, -11, -16, -16, -11, 60, -9], [33, -9, 21, 51, 51, 21, -9, 33]]
('1', '[0, 10, 0]', '[-49, -19, 28]', '[-58, -103, -6]')
life time:1,black_wins:29,white_wins:31,total_win:29,history_black_win:0,history_white_win:1,ties:0
[[41, -44, 26, -14, -14, 26, -44, 41], [-44, 62, -31, -40, -40, -31, 62, -44], [26, -31, 10, -2, -2, 10, -31, 26], [-14, -40, -2, -48, -48, -2, -40, -14], [-14, -40, -2, -48, -48, -2, -40, -14], [26, -31, 10, -2, -2, 10, -31, 26], [-44, 62, -31, -40, -40, -31, 62, -44], [41, -44, 26, -14, -14, 26, -44, 41]]
[[1, -6, -49, 4, 4, -49, -6, 1], [-6, 40, -39, -3, -3, -39, 40, -6], [-49, -39, -5, 58, 58, -5, -39, -49], [4, -3, 58, -23, -23, 58, -3, 4], [4, -3, 58, -23, -23, 58, -3, 4], [-49, -39, -5, 58, 58, -5, -39, -49], [-6, 40, -39, -3, -3, -39, 40, -6], [1, -6, -49, 4, 4, -49, -6, 1]]
[[7, 26, 50, -12, -12, 50, 26, 7], [26, 0, 6, -48, -48, 6, 0, 26], [50, 6, 30, 42, 42, 30, 6, 50], [-12, -48, 42, -21, -21, 42, -48, -12], [-12, -48, 42, -21, -21, 42, -48, -12], [50, 6, 30, 42, 42, 30, 6, 50], [26, 0, 6, -48, -48, 6, 0, 26], [7, 26, 50, -12, -12, 50, 26, 7]]
[[-19, -11, -48, 21, 21, -48, -11, -19], [-11, -36, 6, 26, 26, 6, -36, -11], [-48, 6, -60, 23, 23, -60, 6, -48], [21, 26, 23, -48, -48, 23, 26, 21], [21, 26, 23, -48, -48, 23, 26, 21], [-48, 6, -60, 23, 23, -60, 6, -48], [-11, -36, 6, 26, 26, 6, -36, -11], [-19, -11, -48, 21, 21, -48, -11, -19]]
('1', '[0, 0, 0]', '[-25, -24, -55]', '[-7, -16, -68]')
life time:0,black_wins:28,white_wins:30,total_win:28,history_black_win:1,history_white_win:1,ties:5
[[21, -34, 63, -44, -44, 63, -34, 21], [-34, -36, -1, -59, -59, -1, -36, -34], [63, -1, -33, -47, -47, -33, -1, 63], [-44, -59, -47, -31, -31, -47, -59, -44], [-44, -59, -47, -31, -31, -47, -59, -44], [63, -1, -33, -47, -47, -33, -1, 63], [-34, -36, -1, -59, -59, -1, -36, -34], [21, -34, 63, -44, -44, 63, -34, 21]]
[[-29, -53, -50, 49, 49, -50, -53, -29], [-53, 3, -53, -14, -14, -53, 3, -53], [-50, -53, 3, 16, 16, 3, -53, -50], [49, -14, 16, 3, 3, 16, -14, 49], [49, -14, 16, 3, 3, 16, -14, 49], [-50, -53, 3, 16, 16, 3, -53, -50], [-53, 3, -53, -14, -14, -53, 3, -53], [-29, -53, -50, 49, 49, -50, -53, -29]]
[[-38, 27, 29, 44, 44, 29, 27, -38], [27, -62, -64, -36, -36, -64, -62, 27], [29, -64, 9, 8, 8, 9, -64, 29], [44, -36, 8, 29, 29, 8, -36, 44], [44, -36, 8, 29, 29, 8, -36, 44], [29, -64, 9, 8, 8, 9, -64, 29], [27, -62, -64, -36, -36, -64, -62, 27], [-38, 27, 29, 44, 44, 29, 27, -38]]
[[38, 2, -14, 0, 0, -14, 2, 38], [2, -16, 25, 6, 6, 25, -16, 2], [-14, 25, -29, -58, -58, -29, 25, -14], [0, 6, -58, 32, 32, -58, 6, 0], [0, 6, -58, 32, 32, -58, 6, 0], [-14, 25, -29, -58, -58, -29, 25, -14], [2, -16, 25, 6, 6, 25, -16, 2], [38, 2, -14, 0, 0, -14, 2, 38]]
('1', '[0, 0, 64]', '[-32, 0, 40]', '[-10, -16, -116]')
life time:1,black_wins:31,white_wins:28,total_win:28,history_black_win:1,history_white_win:0,ties:3
[[39, 23, 36, 21, 21, 36, 23, 39], [23, 59, -40, 54, 54, -40, 59, 23], [36, -40, 14, -15, -15, 14, -40, 36], [21, 54, -15, 19, 19, -15, 54, 21], [21, 54, -15, 19, 19, -15, 54, 21], [36, -40, 14, -15, -15, 14, -40, 36], [23, 59, -40, 54, 54, -40, 59, 23], [39, 23, 36, 21, 21, 36, 23, 39]]
[[-32, 19, 15, 62, 62, 15, 19, -32], [19, 36, 8, -38, -38, 8, 36, 19], [15, 8, 9, 43, 43, 9, 8, 15], [62, -38, 43, 63, 63, 43, -38, 62], [62, -38, 43, 63, 63, 43, -38, 62], [15, 8, 9, 43, 43, 9, 8, 15], [19, 36, 8, -38, -38, 8, 36, 19], [-32, 19, 15, 62, 62, 15, 19, -32]]
[[-62, -42, 55, 45, 45, 55, -42, -62], [-42, 53, 53, -9, -9, 53, 53, -42], [55, 53, 30, 34, 34, 30, 53, 55], [45, -9, 34, 20, 20, 34, -9, 45], [45, -9, 34, 20, 20, 34, -9, 45], [55, 53, 30, 34, 34, 30, 53, 55], [-42, 53, 53, -9, -9, 53, 53, -42], [-62, -42, 55, 45, 45, 55, -42, -62]]
[[56, 61, -59, 8, 8, -59, 61, 56], [61, 43, 55, 16, 16, 55, 43, 61], [-59, 55, 10, 8, 8, 10, 55, -59], [8, 16, 8, 3, 3, 8, 16, 8], [8, 16, 8, 3, 3, 8, 16, 8], [-59, 55, 10, 8, 8, 10, 55, -59], [61, 43, 55, 16, 16, 55, 43, 61], [56, 61, -59, 8, 8, -59, 61, 56]]
('1', '[0, 0, 0]', '[32, -50, -26]', '[-91, -58, -96]')
life time:1,black_wins:31,white_wins:27,total_win:27,history_black_win:0,history_white_win:1,ties:5
[[-51, -40, -40, -47, -47, -40, -40, -51], [-40, 27, -20, 59, 59, -20, 27, -40], [-40, -20, -38, -53, -53, -38, -20, -40], [-47, 59, -53, -54, -54, -53, 59, -47], [-47, 59, -53, -54, -54, -53, 59, -47], [-40, -20, -38, -53, -53, -38, -20, -40], [-40, 27, -20, 59, 59, -20, 27, -40], [-51, -40, -40, -47, -47, -40, -40, -51]]
[[-19, -49, 32, -2, -2, 32, -49, -19], [-49, -61, 50, 9, 9, 50, -61, -49], [32, 50, 49, -60, -60, 49, 50, 32], [-2, 9, -60, -52, -52, -60, 9, -2], [-2, 9, -60, -52, -52, -60, 9, -2], [32, 50, 49, -60, -60, 49, 50, 32], [-49, -61, 50, 9, 9, 50, -61, -49], [-19, -49, 32, -2, -2, 32, -49, -19]]
[[3, 13, -41, -58, -58, -41, 13, 3], [13, 39, -51, -15, -15, -51, 39, 13], [-41, -51, -44, -39, -39, -44, -51, -41], [-58, -15, -39, 29, 29, -39, -15, -58], [-58, -15, -39, 29, 29, -39, -15, -58], [-41, -51, -44, -39, -39, -44, -51, -41], [13, 39, -51, -15, -15, -51, 39, 13], [3, 13, -41, -58, -58, -41, 13, 3]]
[[15, 49, -62, -7, -7, -62, 49, 15], [49, 23, 49, 1, 1, 49, 23, 49], [-62, 49, -34, -29, -29, -34, 49, -62], [-7, 1, -29, 46, 46, -29, 1, -7], [-7, 1, -29, 46, 46, -29, 1, -7], [-62, 49, -34, -29, -29, -34, 49, -62], [49, 23, 49, 1, 1, 49, 23, 49], [15, 49, -62, -7, -7, -62, 49, 15]]
('1', '[0, 0, 0]', '[-31, -39, -62]', '[-26, -41, -58]')
life time:0,black_wins:27,white_wins:33,total_win:27,history_black_win:0,history_white_win:1,ties:4
[[35, -48, 7, -46, -46, 7, -48, 35], [-48, -8, 1, -55, -55, 1, -8, -48], [7, 1, 42, 34, 34, 42, 1, 7], [-46, -55, 34, -40, -40, 34, -55, -46], [-46, -55, 34, -40, -40, 34, -55, -46], [7, 1, 42, 34, 34, 42, 1, 7], [-48, -8, 1, -55, -55, 1, -8, -48], [35, -48, 7, -46, -46, 7, -48, 35]]
[[-63, -2, -49, 6, 6, -49, -2, -63], [-2, 56, -39, -7, -7, -39, 56, -2], [-49, -39, -54, 34, 34, -54, -39, -49], [6, -7, 34, -48, -48, 34, -7, 6], [6, -7, 34, -48, -48, 34, -7, 6], [-49, -39, -54, 34, 34, -54, -39, -49], [-2, 56, -39, -7, -7, -39, 56, -2], [-63, -2, -49, 6, 6, -49, -2, -63]]
[[37, 26, 16, 48, 48, 16, 26, 37], [26, 34, 38, -48, -48, 38, 34, 26], [16, 38, -35, -6, -6, -35, 38, 16], [48, -48, -6, -45, -45, -6, -48, 48], [48, -48, -6, -45, -45, -6, -48, 48], [16, 38, -35, -6, -6, -35, 38, 16], [26, 34, 38, -48, -48, 38, 34, 26], [37, 26, 16, 48, 48, 16, 26, 37]]
[[-7, 5, -63, 31, 31, -63, 5, -7], [5, -38, -14, 59, 59, -14, -38, 5], [-63, -14, 49, 39, 39, 49, -14, -63], [31, 59, 39, 2, 2, 39, 59, 31], [31, 59, 39, 2, 2, 39, 59, 31], [-63, -14, 49, 39, 39, 49, -14, -63], [5, -38, -14, 59, 59, -14, -38, 5], [-7, 5, -63, 31, 31, -63, 5, -7]]
('1', '[8, 0, 0]', '[-25, -54, -29]', '[-47, -18, -12]')
life time:1,black_wins:28,white_wins:27,total_win:27,history_black_win:0,history_white_win:0,ties:2
[[-52, -52, -56, -27, -27, -56, -52, -52], [-52, 23, 11, 14, 14, 11, 23, -52], [-56, 11, 52, -5, -5, 52, 11, -56], [-27, 14, -5, 48, 48, -5, 14, -27], [-27, 14, -5, 48, 48, -5, 14, -27], [-56, 11, 52, -5, -5, 52, 11, -56], [-52, 23, 11, 14, 14, 11, 23, -52], [-52, -52, -56, -27, -27, -56, -52, -52]]
[[22, 56, 40, 58, 58, 40, 56, 22], [56, 7, 21, 40, 40, 21, 7, 56], [40, 21, 47, -50, -50, 47, 21, 40], [58, 40, -50, 63, 63, -50, 40, 58], [58, 40, -50, 63, 63, -50, 40, 58], [40, 21, 47, -50, -50, 47, 21, 40], [56, 7, 21, 40, 40, 21, 7, 56], [22, 56, 40, 58, 58, 40, 56, 22]]
[[-62, -61, 39, -11, -11, 39, -61, -62], [-61, 29, 53, -60, -60, 53, 29, -61], [39, 53, -54, 13, 13, -54, 53, 39], [-11, -60, 13, 12, 12, 13, -60, -11], [-11, -60, 13, 12, 12, 13, -60, -11], [39, 53, -54, 13, 13, -54, 53, 39], [-61, 29, 53, -60, -60, 53, 29, -61], [-62, -61, 39, -11, -11, 39, -61, -62]]
[[-30, -31, 43, -9, -9, 43, -31, -30], [-31, -53, -17, 57, 57, -17, -53, -31], [43, -17, 40, 17, 17, 40, -17, 43], [-9, 57, 17, 34, 34, 17, 57, -9], [-9, 57, 17, 34, 34, 17, 57, -9], [43, -17, 40, 17, 17, 40, -17, 43], [-31, -53, -17, 57, 57, -17, -53, -31], [-30, -31, 43, -9, -9, 43, -31, -30]]
('1', '[0, 0, 0]', '[58, 35, 32]', '[-51, -56, -76]')
life time:1,black_wins:26,white_wins:30,total_win:26,history_black_win:1,history_white_win:0,ties:6
[[27, 44, -62, -21, -21, -62, 44, 27], [44, 24, -3, 35, 35, -3, 24, 44], [-62, -3, 16, -33, -33, 16, -3, -62], [-21, 35, -33, -26, -26, -33, 35, -21], [-21, 35, -33, -26, -26, -33, 35, -21], [-62, -3, 16, -33, -33, 16, -3, -62], [44, 24, -3, 35, 35, -3, 24, 44], [27, 44, -62, -21, -21, -62, 44, 27]]
[[52, -2, 14, -10, -10, 14, -2, 52], [-2, -39, 47, -55, -55, 47, -39, -2], [14, 47, -16, 47, 47, -16, 47, 14], [-10, -55, 47, -26, -26, 47, -55, -10], [-10, -55, 47, -26, -26, 47, -55, -10], [14, 47, -16, 47, 47, -16, 47, 14], [-2, -39, 47, -55, -55, 47, -39, -2], [52, -2, 14, -10, -10, 14, -2, 52]]
[[-3, 21, -50, 9, 9, -50, 21, -3], [21, -64, 46, 19, 19, 46, -64, 21], [-50, 46, -16, -8, -8, -16, 46, -50], [9, 19, -8, 20, 20, -8, 19, 9], [9, 19, -8, 20, 20, -8, 19, 9], [-50, 46, -16, -8, -8, -16, 46, -50], [21, -64, 46, 19, 19, 46, -64, 21], [-3, 21, -50, 9, 9, -50, 21, -3]]
[[-30, 33, 11, -59, -59, 11, 33, -30], [33, 7, 20, 24, 24, 20, 7, 33], [11, 20, 18, -24, -24, 18, 20, 11], [-59, 24, -24, -33, -33, -24, 24, -59], [-59, 24, -24, -33, -33, -24, 24, -59], [11, 20, 18, -24, -24, 18, 20, 11], [33, 7, 20, 24, 24, 20, 7, 33], [-30, 33, 11, -59, -59, 11, 33, -30]]
('1', '[0, 0, 0]', '[-34, 44, -62]', '[-111, -23, -45]')
life time:0,black_wins:32,white_wins:26,total_win:26,history_black_win:0,history_white_win:0,ties:2
[[31, -19, -54, -17, -17, -54, -19, 31], [-19, 20, -3, 59, 59, -3, 20, -19], [-54, -3, 48, -33, -33, 48, -3, -54], [-17, 59, -33, 54, 54, -33, 59, -17], [-17, 59, -33, 54, 54, -33, 59, -17], [-54, -3, 48, -33, -33, 48, -3, -54], [-19, 20, -3, 59, 59, -3, 20, -19], [31, -19, -54, -17, -17, -54, -19, 31]]
[[52, -2, 44, 30, 30, 44, -2, 52], [-2, -47, 44, -51, -51, 44, -47, -2], [44, 44, -48, -53, -53, -48, 44, 44], [30, -51, -53, -32, -32, -53, -51, 30], [30, -51, -53, -32, -32, -53, -51, 30], [44, 44, -48, -53, -53, -48, 44, 44], [-2, -47, 44, -51, -51, 44, -47, -2], [52, -2, 44, 30, 30, 44, -2, 52]]
[[-19, -56, 47, 13, 13, 47, -56, -19], [-56, -28, -2, 19, 19, -2, -28, -56], [47, -2, -47, -4, -4, -47, -2, 47], [13, 19, -4, 23, 23, -4, 19, 13], [13, 19, -4, 23, 23, -4, 19, 13], [47, -2, -47, -4, -4, -47, -2, 47], [-56, -28, -2, 19, 19, -2, -28, -56], [-19, -56, 47, 13, 13, 47, -56, -19]]
[[51, 0, -53, -27, -27, -53, 0, 51], [0, 13, 19, 56, 56, 19, 13, 0], [-53, 19, 3, -24, -24, 3, 19, -53], [-27, 56, -24, -12, -12, -24, 56, -27], [-27, 56, -24, -12, -12, -24, 56, -27], [-53, 19, 3, -24, -24, 3, 19, -53], [0, 13, 19, 56, 56, 19, 13, 0], [51, 0, -53, -27, -27, -53, 0, 51]]
('1', '[0, 0, 2]', '[-2, -19, -53]', '[-126, -119, -63]')
life time:1,black_wins:26,white_wins:31,total_win:26,history_black_win:0,history_white_win:0,ties:1
[[-49, 10, -40, 10, 10, -40, 10, -49], [10, 17, -13, -10, -10, -13, 17, 10], [-40, -13, 8, 34, 34, 8, -13, -40], [10, -10, 34, -11, -11, 34, -10, 10], [10, -10, 34, -11, -11, 34, -10, 10], [-40, -13, 8, 34, 34, 8, -13, -40], [10, 17, -13, -10, -10, -13, 17, 10], [-49, 10, -40, 10, 10, -40, 10, -49]]
[[50, 38, -63, 17, 17, -63, 38, 50], [38, 33, 38, -63, -63, 38, 33, 38], [-63, 38, -3, -44, -44, -3, 38, -63], [17, -63, -44, -55, -55, -44, -63, 17], [17, -63, -44, -55, -55, -44, -63, 17], [-63, 38, -3, -44, -44, -3, 38, -63], [38, 33, 38, -63, -63, 38, 33, 38], [50, 38, -63, 17, 17, -63, 38, 50]]
[[12, 52, 28, 24, 24, 28, 52, 12], [52, -32, 43, -51, -51, 43, -32, 52], [28, 43, 36, 27, 27, 36, 43, 28], [24, -51, 27, 62, 62, 27, -51, 24], [24, -51, 27, 62, 62, 27, -51, 24], [28, 43, 36, 27, 27, 36, 43, 28], [52, -32, 43, -51, -51, 43, -32, 52], [12, 52, 28, 24, 24, 28, 52, 12]]
[[54, 6, 45, -46, -46, 45, 6, 54], [6, 12, -43, -10, -10, -43, 12, 6], [45, -43, -1, 55, 55, -1, -43, 45], [-46, -10, 55, -62, -62, 55, -10, -46], [-46, -10, 55, -62, -62, 55, -10, -46], [45, -43, -1, 55, 55, -1, -43, 45], [6, 12, -43, -10, -10, -43, 12, 6], [54, 6, 45, -46, -46, 45, 6, 54]]
('1', '[0, 0, 0]', '[-21, 46, -64]', '[-80, -15, -4]')
life time:0,black_wins:30,white_wins:25,total_win:25,history_black_win:1,history_white_win:0,ties:7
[[39, -28, 61, -52, -52, 61, -28, 39], [-28, -32, 15, -50, -50, 15, -32, -28], [61, 15, 12, -28, -28, 12, 15, 61], [-52, -50, -28, -61, -61, -28, -50, -52], [-52, -50, -28, -61, -61, -28, -50, -52], [61, 15, 12, -28, -28, 12, 15, 61], [-28, -32, 15, -50, -50, 15, -32, -28], [39, -28, 61, -52, -52, 61, -28, 39]]
[[-6, 53, 57, -55, -55, 57, 53, -6], [53, -50, -29, -58, -58, -29, -50, 53], [57, -29, 41, -28, -28, 41, -29, 57], [-55, -58, -28, -32, -32, -28, -58, -55], [-55, -58, -28, -32, -32, -28, -58, -55], [57, -29, 41, -28, -28, 41, -29, 57], [53, -50, -29, -58, -58, -29, -50, 53], [-6, 53, 57, -55, -55, 57, 53, -6]]
[[-14, 14, 25, -29, -29, 25, 14, -14], [14, 29, 39, 56, 56, 39, 29, 14], [25, 39, 55, 5, 5, 55, 39, 25], [-29, 56, 5, 50, 50, 5, 56, -29], [-29, 56, 5, 50, 50, 5, 56, -29], [25, 39, 55, 5, 5, 55, 39, 25], [14, 29, 39, 56, 56, 39, 29, 14], [-14, 14, 25, -29, -29, 25, 14, -14]]
[[40, -33, -14, 59, 59, -14, -33, 40], [-33, -64, 17, -16, -16, 17, -64, -33], [-14, 17, 44, 20, 20, 44, 17, -14], [59, -16, 20, -57, -57, 20, -16, 59], [59, -16, 20, -57, -57, 20, -16, 59], [-14, 17, 44, 20, 20, 44, 17, -14], [-33, -64, 17, -16, -16, 17, -64, -33], [40, -33, -14, 59, 59, -14, -33, 40]]
('1', '[0, 0, 0]', '[-2, 15, -47]', '[-62, -100, -25]')
life time:0,black_wins:25,white_wins:25,total_win:25,history_black_win:0,history_white_win:0,ties:1
[[48, 45, -23, -10, -10, -23, 45, 48], [45, -31, 16, -15, -15, 16, -31, 45], [-23, 16, 17, -27, -27, 17, 16, -23], [-10, -15, -27, -31, -31, -27, -15, -10], [-10, -15, -27, -31, -31, -27, -15, -10], [-23, 16, 17, -27, -27, 17, 16, -23], [45, -31, 16, -15, -15, 16, -31, 45], [48, 45, -23, -10, -10, -23, 45, 48]]
[[-25, -57, -17, -57, -57, -17, -57, -25], [-57, -50, -57, -26, -26, -57, -50, -57], [-17, -57, -49, -57, -57, -49, -57, -17], [-57, -26, -57, -49, -49, -57, -26, -57], [-57, -26, -57, -49, -49, -57, -26, -57], [-17, -57, -49, -57, -57, -49, -57, -17], [-57, -50, -57, -26, -26, -57, -50, -57], [-25, -57, -17, -57, -57, -17, -57, -25]]
[[1, 0, 7, 2, 2, 7, 0, 1], [0, 32, -14, 1, 1, -14, 32, 0], [7, -14, 16, -52, -52, 16, -14, 7], [2, 1, -52, -60, -60, -52, 1, 2], [2, 1, -52, -60, -60, -52, 1, 2], [7, -14, 16, -52, -52, 16, -14, 7], [0, 32, -14, 1, 1, -14, 32, 0], [1, 0, 7, 2, 2, 7, 0, 1]]
[[56, 34, 0, 11, 11, 0, 34, 56], [34, 0, -61, 16, 16, -61, 0, 34], [0, -61, 20, -64, -64, 20, -61, 0], [11, 16, -64, 36, 36, -64, 16, 11], [11, 16, -64, 36, 36, -64, 16, 11], [0, -61, 20, -64, -64, 20, -61, 0], [34, 0, -61, 16, 16, -61, 0, 34], [56, 34, 0, 11, 11, 0, 34, 56]]
('1', '[0, 2, 0]', '[-64, 4, -64]', '[-96, -24, -2]')
life time:1,black_wins:27,white_wins:25,total_win:25,history_black_win:0,history_white_win:0,ties:0
[[-61, 20, -26, 36, 36, -26, 20, -61], [20, -30, 12, 13, 13, 12, -30, 20], [-26, 12, 37, 22, 22, 37, 12, -26], [36, 13, 22, 22, 22, 22, 13, 36], [36, 13, 22, 22, 22, 22, 13, 36], [-26, 12, 37, 22, 22, 37, 12, -26], [20, -30, 12, 13, 13, 12, -30, 20], [-61, 20, -26, 36, 36, -26, 20, -61]]
[[-51, 56, -54, -21, -21, -54, 56, -51], [56, 5, 56, -18, -18, 56, 5, 56], [-54, 56, -34, 52, 52, -34, 56, -54], [-21, -18, 52, -60, -60, 52, -18, -21], [-21, -18, 52, -60, -60, 52, -18, -21], [-54, 56, -34, 52, 52, -34, 56, -54], [56, 5, 56, -18, -18, 56, 5, 56], [-51, 56, -54, -21, -21, -54, 56, -51]]
[[-12, 1, 0, -36, -36, 0, 1, -12], [1, -56, 24, -33, -33, 24, -56, 1], [0, 24, 11, 55, 55, 11, 24, 0], [-36, -33, 55, -48, -48, 55, -33, -36], [-36, -33, 55, -48, -48, 55, -33, -36], [0, 24, 11, 55, 55, 11, 24, 0], [1, -56, 24, -33, -33, 24, -56, 1], [-12, 1, 0, -36, -36, 0, 1, -12]]
[[6, 6, 33, -35, -35, 33, 6, 6], [6, -22, -29, -60, -60, -29, -22, 6], [33, -29, 17, -44, -44, 17, -29, 33], [-35, -60, -44, 60, 60, -44, -60, -35], [-35, -60, -44, 60, 60, -44, -60, -35], [33, -29, 17, -44, -44, 17, -29, 33], [6, -22, -29, -60, -60, -29, -22, 6], [6, 6, 33, -35, -35, 33, 6, 6]]
('1', '[0, 0, 0]', '[59, -28, -56]', '[-14, -68, -99]')
life time:0,black_wins:24,white_wins:29,total_win:24,history_black_win:0,history_white_win:0,ties:3
[[-55, -22, -9, -41, -41, -9, -22, -55], [-22, 27, 31, -60, -60, 31, 27, -22], [-9, 31, -52, -63, -63, -52, 31, -9], [-41, -60, -63, -56, -56, -63, -60, -41], [-41, -60, -63, -56, -56, -63, -60, -41], [-9, 31, -52, -63, -63, -52, 31, -9], [-22, 27, 31, -60, -60, 31, 27, -22], [-55, -22, -9, -41, -41, -9, -22, -55]]
[[-5, -10, 30, 42, 42, 30, -10, -5], [-10, -12, -14, -28, -28, -14, -12, -10], [30, -14, 26, 58, 58, 26, -14, 30], [42, -28, 58, -14, -14, 58, -28, 42], [42, -28, 58, -14, -14, 58, -28, 42], [30, -14, 26, 58, 58, 26, -14, 30], [-10, -12, -14, -28, -28, -14, -12, -10], [-5, -10, 30, 42, 42, 30, -10, -5]]
[[-22, 60, 48, -37, -37, 48, 60, -22], [60, -32, -2, -7, -7, -2, -32, 60], [48, -2, -20, -2, -2, -20, -2, 48], [-37, -7, -2, 27, 27, -2, -7, -37], [-37, -7, -2, 27, 27, -2, -7, -37], [48, -2, -20, -2, -2, -20, -2, 48], [60, -32, -2, -7, -7, -2, -32, 60], [-22, 60, 48, -37, -37, 48, 60, -22]]
[[19, -56, -59, 13, 13, -59, -56, 19], [-56, -6, 50, -43, -43, 50, -6, -56], [-59, 50, -13, -25, -25, -13, 50, -59], [13, -43, -25, 11, 11, -25, -43, 13], [13, -43, -25, 11, 11, -25, -43, 13], [-59, 50, -13, -25, -25, -13, 50, -59], [-56, -6, 50, -43, -43, 50, -6, -56], [19, -56, -59, 13, 13, -59, -56, 19]]
('1', '[0, 0, 0]', '[-45, 46, -32]', '[-59, -82, -46]')
