life time:4,black_wins:42,white_wins:41,total_win:41,history_black_win:5,history_white_win:6,ties:5
[[38, -20, 62, 28, 28, 62, -20, 38], [-20, 51, 23, 54, 54, 23, 51, -20], [62, 23, -8, -41, -41, -8, 23, 62], [28, 54, -41, -58, -58, -41, 54, 28], [28, 54, -41, -58, -58, -41, 54, 28], [62, 23, -8, -41, -41, -8, 23, 62], [-20, 51, 23, 54, 54, 23, 51, -20], [38, -20, 62, 28, 28, 62, -20, 38]]
[[56, -57, -11, 45, 45, -11, -57, 56], [-57, 19, 46, 32, 32, 46, 19, -57], [-11, 46, -64, -56, -56, -64, 46, -11], [45, 32, -56, 4, 4, -56, 32, 45], [45, 32, -56, 4, 4, -56, 32, 45], [-11, 46, -64, -56, -56, -64, 46, -11], [-57, 19, 46, 32, 32, 46, 19, -57], [56, -57, -11, 45, 45, -11, -57, 56]]
[[40, 38, 27, -12, -12, 27, 38, 40], [38, 6, -7, 16, 16, -7, 6, 38], [27, -7, 50, -60, -60, 50, -7, 27], [-12, 16, -60, 1, 1, -60, 16, -12], [-12, 16, -60, 1, 1, -60, 16, -12], [27, -7, 50, -60, -60, 50, -7, 27], [38, 6, -7, 16, 16, -7, 6, 38], [40, 38, 27, -12, -12, 27, 38, 40]]
[[34, 46, 57, -14, -14, 57, 46, 34], [46, 6, -55, -57, -57, -55, 6, 46], [57, -55, 13, 1, 1, 13, -55, 57], [-14, -57, 1, 18, 18, 1, -57, -14], [-14, -57, 1, 18, 18, 1, -57, -14], [57, -55, 13, 1, 1, 13, -55, 57], [46, 6, -55, -57, -57, -55, 6, 46], [34, 46, 57, -14, -14, 57, 46, 34]]
('1', '[83, 245, 236]', '[-52, -32, -24]', '[-38, -79, -24]')
life time:4,black_wins:38,white_wins:37,total_win:37,history_black_win:5,history_white_win:2,ties:9
[[55, -52, 52, 52, 52, 52, -52, 55], [-52, 31, 57, -28, -28, 57, 31, -52], [52, 57, 56, 20, 20, 56, 57, 52], [52, -28, 20, -42, -42, 20, -28, 52], [52, -28, 20, -42, -42, 20, -28, 52], [52, 57, 56, 20, 20, 56, 57, 52], [-52, 31, 57, -28, -28, 57, 31, -52], [55, -52, 52, 52, 52, 52, -52, 55]]
[[-8, 24, -43, 58, 58, -43, 24, -8], [24, 57, -34, 40, 40, -34, 57, 24], [-43, -34, 0, -54, -54, 0, -34, -43], [58, 40, -54, 42, 42, -54, 40, 58], [58, 40, -54, 42, 42, -54, 40, 58], [-43, -34, 0, -54, -54, 0, -34, -43], [24, 57, -34, 40, 40, -34, 57, 24], [-8, 24, -43, 58, 58, -43, 24, -8]]
[[-32, 41, 0, 50, 50, 0, 41, -32], [41, 45, -32, 62, 62, -32, 45, 41], [0, -32, 32, 16, 16, 32, -32, 0], [50, 62, 16, 39, 39, 16, 62, 50], [50, 62, 16, 39, 39, 16, 62, 50], [0, -32, 32, 16, 16, 32, -32, 0], [41, 45, -32, 62, 62, -32, 45, 41], [-32, 41, 0, 50, 50, 0, 41, -32]]
[[-12, 59, 36, 52, 52, 36, 59, -12], [59, 46, -40, 39, 39, -40, 46, 59], [36, -40, 15, 48, 48, 15, -40, 36], [52, 39, 48, 59, 59, 48, 39, 52], [52, 39, 48, 59, 59, 48, 39, 52], [36, -40, 15, 48, 48, 15, -40, 36], [59, 46, -40, 39, 39, -40, 46, 59], [-12, 59, 36, 52, 52, 36, 59, -12]]
('1', '[147, 149, 200]', '[-11, -25, -56]', '[-36, -29, -38]')
life time:2,black_wins:37,white_wins:40,total_win:37,history_black_win:4,history_white_win:7,ties:4
[[-48, -50, 17, -15, -15, 17, -50, -48], [-50, 62, 27, 18, 18, 27, 62, -50], [17, 27, 57, -46, -46, 57, 27, 17], [-15, 18, -46, -50, -50, -46, 18, -15], [-15, 18, -46, -50, -50, -46, 18, -15], [17, 27, 57, -46, -46, 57, 27, 17], [-50, 62, 27, 18, 18, 27, 62, -50], [-48, -50, 17, -15, -15, 17, -50, -48]]
[[56, -20, -35, -7, -7, -35, -20, 56], [-20, 43, -4, 38, 38, -4, 43, -20], [-35, -4, 2, -28, -28, 2, -4, -35], [-7, 38, -28, 24, 24, -28, 38, -7], [-7, 38, -28, 24, 24, -28, 38, -7], [-35, -4, 2, -28, -28, 2, -4, -35], [-20, 43, -4, 38, 38, -4, 43, -20], [56, -20, -35, -7, -7, -35, -20, 56]]
[[4, 54, 54, 27, 27, 54, 54, 4], [54, 14, -40, 15, 15, -40, 14, 54], [54, -40, 50, 0, 0, 50, -40, 54], [27, 15, 0, 22, 22, 0, 15, 27], [27, 15, 0, 22, 22, 0, 15, 27], [54, -40, 50, 0, 0, 50, -40, 54], [54, 14, -40, 15, 15, -40, 14, 54], [4, 54, 54, 27, 27, 54, 54, 4]]
[[-44, 32, -13, -25, -25, -13, 32, -44], [32, 14, -13, -29, -29, -13, 14, 32], [-13, -13, -52, 55, 55, -52, -13, -13], [-25, -29, 55, 34, 34, 55, -29, -25], [-25, -29, 55, 34, 34, 55, -29, -25], [-13, -13, -52, 55, 55, -52, -13, -13], [32, 14, -13, -29, -29, -13, 14, 32], [-44, 32, -13, -25, -25, -13, 32, -44]]
('1', '[50, 52, 214]', '[-18, -23, -61]', '[-100, -30, -58]')
life time:5,black_wins:38,white_wins:36,total_win:36,history_black_win:5,history_white_win:5,ties:8
[[54, -56, -58, 53, 53, -58, -56, 54], [-56, 59, 63, 58, 58, 63, 59, -56], [-58, 63, -8, -46, -46, -8, 63, -58], [53, 58, -46, -46, -46, -46, 58, 53], [53, 58, -46, -46, -46, -46, 58, 53], [-58, 63, -8, -46, -46, -8, 63, -58], [-56, 59, 63, 58, 58, 63, 59, -56], [54, -56, -58, 53, 53, -58, -56, 54]]
[[42, -63, -10, 40, 40, -10, -63, 42], [-63, 35, -10, -31, -31, -10, 35, -63], [-10, -10, 41, -60, -60, 41, -10, -10], [40, -31, -60, -54, -54, -60, -31, 40], [40, -31, -60, -54, -54, -60, -31, 40], [-10, -10, 41, -60, -60, 41, -10, -10], [-63, 35, -10, -31, -31, -10, 35, -63], [42, -63, -10, 40, 40, -10, -63, 42]]
[[-9, 60, 20, 50, 50, 20, 60, -9], [60, 14, -15, -28, -28, -15, 14, 60], [20, -15, 58, -48, -48, 58, -15, 20], [50, -28, -48, -43, -43, -48, -28, 50], [50, -28, -48, -43, -43, -48, -28, 50], [20, -15, 58, -48, -48, 58, -15, 20], [60, 14, -15, -28, -28, -15, 14, 60], [-9, 60, 20, 50, 50, 20, 60, -9]]
[[-15, 40, 20, 50, 50, 20, 40, -15], [40, 46, -64, -27, -27, -64, 46, 40], [20, -64, 11, 33, 33, 11, -64, 20], [50, -27, 33, 44, 44, 33, -27, 50], [50, -27, 33, 44, 44, 33, -27, 50], [20, -64, 11, 33, 33, 11, -64, 20], [40, 46, -64, -27, -27, -64, 46, 40], [-15, 40, 20, 50, 50, 20, 40, -15]]
('1', '[179, 253, 236]', '[-22, -26, -54]', '[-104, -126, -24]')
life time:2,black_wins:41,white_wins:36,total_win:36,history_black_win:5,history_white_win:4,ties:4
[[-53, -44, 30, 52, 52, 30, -44, -53], [-44, 26, 51, 38, 38, 51, 26, -44], [30, 51, -22, -54, -54, -22, 51, 30], [52, 38, -54, -38, -38, -54, 38, 52], [52, 38, -54, -38, -38, -54, 38, 52], [30, 51, -22, -54, -54, -22, 51, 30], [-44, 26, 51, 38, 38, 51, 26, -44], [-53, -44, 30, 52, 52, 30, -44, -53]]
[[60, -49, -35, 62, 62, -35, -49, 60], [-49, 41, -36, 32, 32, -36, 41, -49], [-35, -36, -64, -58, -58, -64, -36, -35], [62, 32, -58, 10, 10, -58, 32, 62], [62, 32, -58, 10, 10, -58, 32, 62], [-35, -36, -64, -58, -58, -64, -36, -35], [-49, 41, -36, 32, 32, -36, 41, -49], [60, -49, -35, 62, 62, -35, -49, 60]]
[[20, 33, 57, 29, 29, 57, 33, 20], [33, 4, -39, 10, 10, -39, 4, 33], [57, -39, 50, 24, 24, 50, -39, 57], [29, 10, 24, 23, 23, 24, 10, 29], [29, 10, 24, 23, 23, 24, 10, 29], [57, -39, 50, 24, 24, 50, -39, 57], [33, 4, -39, 10, 10, -39, 4, 33], [20, 33, 57, 29, 29, 57, 33, 20]]
[[-9, 50, 60, 37, 37, 60, 50, -9], [50, 10, 10, 47, 47, 10, 10, 50], [60, 10, 43, 49, 49, 43, 10, 60], [37, 47, 49, 51, 51, 49, 47, 37], [37, 47, 49, 51, 51, 49, 47, 37], [60, 10, 43, 49, 49, 43, 10, 60], [50, 10, 10, 47, 47, 10, 10, 50], [-9, 50, 60, 37, 37, 60, 50, -9]]
('1', '[129, 181, 204]', '[-15, -27, -30]', '[-108, -44, -65]')
life time:5,black_wins:35,white_wins:35,total_win:35,history_black_win:4,history_white_win:2,ties:7
[[-32, -54, 31, -2, -2, 31, -54, -32], [-54, 43, 29, -15, -15, 29, 43, -54], [31, 29, -7, -4, -4, -7, 29, 31], [-2, -15, -4, -40, -40, -4, -15, -2], [-2, -15, -4, -40, -40, -4, -15, -2], [31, 29, -7, -4, -4, -7, 29, 31], [-54, 43, 29, -15, -15, 29, 43, -54], [-32, -54, 31, -2, -2, 31, -54, -32]]
[[24, -48, -25, -47, -47, -25, -48, 24], [-48, 57, 4, 12, 12, 4, 57, -48], [-25, 4, -62, -16, -16, -62, 4, -25], [-47, 12, -16, 14, 14, -16, 12, -47], [-47, 12, -16, 14, 14, -16, 12, -47], [-25, 4, -62, -16, -16, -62, 4, -25], [-48, 57, 4, 12, 12, 4, 57, -48], [24, -48, -25, -47, -47, -25, -48, 24]]
[[-34, 62, 13, 13, 13, 13, 62, -34], [62, 12, -16, 39, 39, -16, 12, 62], [13, -16, 32, 20, 20, 32, -16, 13], [13, 39, 20, -21, -21, 20, 39, 13], [13, 39, 20, -21, -21, 20, 39, 13], [13, -16, 32, 20, 20, 32, -16, 13], [62, 12, -16, 39, 39, -16, 12, 62], [-34, 62, 13, 13, 13, 13, 62, -34]]
[[-3, 48, 48, -47, -47, 48, 48, -3], [48, 38, 42, 6, 6, 42, 38, 48], [48, 42, -1, 0, 0, -1, 42, 48], [-47, 6, 0, 2, 2, 0, 6, -47], [-47, 6, 0, 2, 2, 0, 6, -47], [48, 42, -1, 0, 0, -1, 42, 48], [48, 38, 42, 6, 6, 42, 38, 48], [-3, 48, 48, -47, -47, 48, 48, -3]]
('1', '[19, 181, 218]', '[-10, -29, -46]', '[-100, -30, -42]')
life time:4,black_wins:35,white_wins:37,total_win:35,history_black_win:3,history_white_win:6,ties:5
[[-60, -51, 28, -35, -35, 28, -51, -60], [-51, 59, 55, 61, 61, 55, 59, -51], [28, 55, 49, -61, -61, 49, 55, 28], [-35, 61, -61, -52, -52, -61, 61, -35], [-35, 61, -61, -52, -52, -61, 61, -35], [28, 55, 49, -61, -61, 49, 55, 28], [-51, 59, 55, 61, 61, 55, 59, -51], [-60, -51, 28, -35, -35, 28, -51, -60]]
[[62, -29, -60, -33, -33, -60, -29, 62], [-29, 43, 30, 54, 54, 30, 43, -29], [-60, 30, 0, -30, -30, 0, 30, -60], [-33, 54, -30, 10, 10, -30, 54, -33], [-33, 54, -30, 10, 10, -30, 54, -33], [-60, 30, 0, -30, -30, 0, 30, -60], [-29, 43, 30, 54, 54, 30, 43, -29], [62, -29, -60, -33, -33, -60, -29, 62]]
[[-59, 39, 31, 20, 20, 31, 39, -59], [39, 13, -7, 10, 10, -7, 13, 39], [31, -7, 49, 50, 50, 49, -7, 31], [20, 10, 50, 62, 62, 50, 10, 20], [20, 10, 50, 62, 62, 50, 10, 20], [31, -7, 49, 50, 50, 49, -7, 31], [39, 13, -7, 10, 10, -7, 13, 39], [-59, 39, 31, 20, 20, 31, 39, -59]]
[[-21, 55, 0, -9, -9, 0, 55, -21], [55, -30, 31, 3, 3, 31, -30, 55], [0, 31, 60, 32, 32, 60, 31, 0], [-9, 3, 32, 21, 21, 32, 3, -9], [-9, 3, 32, 21, 21, 32, 3, -9], [0, 31, 60, 32, 32, 60, 31, 0], [55, -30, 31, 3, 3, 31, -30, 55], [-21, 55, 0, -9, -9, 0, 55, -21]]
('1', '[179, 255, 204]', '[-44, -19, -64]', '[-45, -61, -12]')
life time:2,black_wins:34,white_wins:45,total_win:34,history_black_win:4,history_white_win:6,ties:9
[[59, -52, 14, -12, -12, 14, -52, 59], [-52, 59, 25, 59, 59, 25, 59, -52], [14, 25, -5, -64, -64, -5, 25, 14], [-12, 59, -64, -38, -38, -64, 59, -12], [-12, 59, -64, -38, -38, -64, 59, -12], [14, 25, -5, -64, -64, -5, 25, 14], [-52, 59, 25, 59, 59, 25, 59, -52], [59, -52, 14, -12, -12, 14, -52, 59]]
[[62, -43, -48, 45, 45, -48, -43, 62], [-43, 25, 4, 14, 14, 4, 25, -43], [-48, 4, 9, -24, -24, 9, 4, -48], [45, 14, -24, 47, 47, -24, 14, 45], [45, 14, -24, 47, 47, -24, 14, 45], [-48, 4, 9, -24, -24, 9, 4, -48], [-43, 25, 4, 14, 14, 4, 25, -43], [62, -43, -48, 45, 45, -48, -43, 62]]
[[-28, 60, 8, 19, 19, 8, 60, -28], [60, 37, -6, 3, 3, -6, 37, 60], [8, -6, 62, -46, -46, 62, -6, 8], [19, 3, -46, -19, -19, -46, 3, 19], [19, 3, -46, -19, -19, -46, 3, 19], [8, -6, 62, -46, -46, 62, -6, 8], [60, 37, -6, 3, 3, -6, 37, 60], [-28, 60, 8, 19, 19, 8, 60, -28]]
[[-60, 40, 58, -11, -11, 58, 40, -60], [40, 58, -7, -31, -31, -7, 58, 40], [58, -7, -52, -2, -2, -52, -7, 58], [-11, -31, -2, 51, 51, -2, -31, -11], [-11, -31, -2, 51, 51, -2, -31, -11], [58, -7, -52, -2, -2, -52, -7, 58], [40, 58, -7, -31, -31, -7, 58, 40], [-60, 40, 58, -11, -11, 58, 40, -60]]
('1', '[123, 29, 254]', '[-58, -62, -30]', '[-76, -27, -21]')
life time:2,black_wins:35,white_wins:34,total_win:34,history_black_win:5,history_white_win:7,ties:8
[[49, -18, 27, -4, -4, 27, -18, 49], [-18, 62, 27, 54, 54, 27, 62, -18], [27, 27, 41, -34, -34, 41, 27, 27], [-4, 54, -34, -54, -54, -34, 54, -4], [-4, 54, -34, -54, -54, -34, 54, -4], [27, 27, 41, -34, -34, 41, 27, 27], [-18, 62, 27, 54, 54, 27, 62, -18], [49, -18, 27, -4, -4, 27, -18, 49]]
[[58, -12, -39, -55, -55, -39, -12, 58], [-12, 11, 28, 4, 4, 28, 11, -12], [-39, 28, 0, -12, -12, 0, 28, -39], [-55, 4, -12, 28, 28, -12, 4, -55], [-55, 4, -12, 28, 28, -12, 4, -55], [-39, 28, 0, -12, -12, 0, 28, -39], [-12, 11, 28, 4, 4, 28, 11, -12], [58, -12, -39, -55, -55, -39, -12, 58]]
[[-42, 54, 54, 30, 30, 54, 54, -42], [54, 47, -48, 7, 7, -48, 47, 54], [54, -48, 42, -63, -63, 42, -48, 54], [30, 7, -63, -15, -15, -63, 7, 30], [30, 7, -63, -15, -15, -63, 7, 30], [54, -48, 42, -63, -63, 42, -48, 54], [54, 47, -48, 7, 7, -48, 47, 54], [-42, 54, 54, 30, 30, 54, 54, -42]]
[[-43, 32, 35, 33, 33, 35, 32, -43], [32, 6, -22, -45, -45, -22, 6, 32], [35, -22, 40, 51, 51, 40, -22, 35], [33, -45, 51, 33, 33, 51, -45, 33], [33, -45, 51, 33, 33, 51, -45, 33], [35, -22, 40, 51, 51, 40, -22, 35], [32, 6, -22, -45, -45, -22, 6, 32], [-43, 32, 35, 33, 33, 35, 32, -43]]
('1', '[51, 124, 198]', '[-42, -24, -45]', '[-110, -55, -62]')
life time:0,black_wins:37,white_wins:34,total_win:34,history_black_win:4,history_white_win:4,ties:7
[[22, -54, 23, -48, -48, 23, -54, 22], [-54, 59, 55, -5, -5, 55, 59, -54], [23, 55, -8, -38, -38, -8, 55, 23], [-48, -5, -38, -62, -62, -38, -5, -48], [-48, -5, -38, -62, -62, -38, -5, -48], [23, 55, -8, -38, -38, -8, 55, 23], [-54, 59, 55, -5, -5, 55, 59, -54], [22, -54, 23, -48, -48, 23, -54, 22]]
[[40, -63, -28, 40, 40, -28, -63, 40], [-63, -5, 28, 32, 32, 28, -5, -63], [-28, 28, 9, -60, -60, 9, 28, -28], [40, 32, -60, 8, 8, -60, 32, 40], [40, 32, -60, 8, 8, -60, 32, 40], [-28, 28, 9, -60, -60, 9, 28, -28], [-63, -5, 28, 32, 32, 28, -5, -63], [40, -63, -28, 40, 40, -28, -63, 40]]
[[-42, 52, -39, 50, 50, -39, 52, -42], [52, -52, -8, 3, 3, -8, -52, 52], [-39, -8, 38, -44, -44, 38, -8, -39], [50, 3, -44, 53, 53, -44, 3, 50], [50, 3, -44, 53, 53, -44, 3, 50], [-39, -8, 38, -44, -44, 38, -8, -39], [52, -52, -8, 3, 3, -8, -52, 52], [-42, 52, -39, 50, 50, -39, 52, -42]]
[[-23, 36, 54, -6, -6, 54, 36, -23], [36, 39, 56, -44, -44, 56, 39, 36], [54, 56, 58, 33, 33, 58, 56, 54], [-6, -44, 33, -59, -59, 33, -44, -6], [-6, -44, 33, -59, -59, 33, -44, -6], [54, 56, 58, 33, 33, 58, 56, 54], [36, 39, 56, -44, -44, 56, 39, 36], [-23, 36, 54, -6, -6, 54, 36, -23]]
('1', '[147, 247, 236]', '[-16, -28, -62]', '[-106, -127, -13]')
life time:0,black_wins:34,white_wins:37,total_win:34,history_black_win:2,history_white_win:5,ties:4
[[-58, -50, 59, -48, -48, 59, -50, -58], [-50, 51, 27, 50, 50, 27, 51, -50], [59, 27, 56, -45, -45, 56, 27, 59], [-48, 50, -45, -54, -54, -45, 50, -48], [-48, 50, -45, -54, -54, -45, 50, -48], [59, 27, 56, -45, -45, 56, 27, 59], [-50, 51, 27, 50, 50, 27, 51, -50], [-58, -50, 59, -48, -48, 59, -50, -58]]
[[57, -51, -11, 61, 61, -11, -51, 57], [-51, 3, 44, 32, 32, 44, 3, -51], [-11, 44, 2, -20, -20, 2, 44, -11], [61, 32, -20, 4, 4, -20, 32, 61], [61, 32, -20, 4, 4, -20, 32, 61], [-11, 44, 2, -20, -20, 2, 44, -11], [-51, 3, 44, 32, 32, 44, 3, -51], [57, -51, -11, 61, 61, -11, -51, 57]]
[[40, 38, 51, -16, -16, 51, 38, 40], [38, 30, -40, 5, 5, -40, 30, 38], [51, -40, 50, -60, -60, 50, -40, 51], [-16, 5, -60, 6, 6, -60, 5, -16], [-16, 5, -60, 6, 6, -60, 5, -16], [51, -40, 50, -60, -60, 50, -40, 51], [38, 30, -40, 5, 5, -40, 30, 38], [40, 38, 51, -16, -16, 51, 38, 40]]
[[20, 44, -15, -29, -29, -15, 44, 20], [44, 23, -31, -29, -29, -31, 23, 44], [-15, -31, 12, 1, 1, 12, -31, -15], [-29, -29, 1, 50, 50, 1, -29, -29], [-29, -29, 1, 50, 50, 1, -29, -29], [-15, -31, 12, 1, 1, 12, -31, -15], [44, 23, -31, -29, -29, -31, 23, 44], [20, 44, -15, -29, -29, -15, 44, 20]]
('1', '[87, 117, 214]', '[-19, -24, -30]', '[-100, -15, -56]')
life time:3,black_wins:34,white_wins:35,total_win:34,history_black_win:6,history_white_win:6,ties:4
[[-57, -58, 22, -42, -42, 22, -58, -57], [-58, 27, 19, -26, -26, 19, 27, -58], [22, 19, 58, -64, -64, 58, 19, 22], [-42, -26, -64, -42, -42, -64, -26, -42], [-42, -26, -64, -42, -42, -64, -26, -42], [22, 19, 58, -64, -64, 58, 19, 22], [-58, 27, 19, -26, -26, 19, 27, -58], [-57, -58, 22, -42, -42, 22, -58, -57]]
[[60, -37, -44, 58, 58, -44, -37, 60], [-37, 60, 30, -22, -22, 30, 60, -37], [-44, 30, 0, -62, -62, 0, 30, -44], [58, -22, -62, 10, 10, -62, -22, 58], [58, -22, -62, 10, 10, -62, -22, 58], [-44, 30, 0, -62, -62, 0, 30, -44], [-37, 60, 30, -22, -22, 30, 60, -37], [60, -37, -44, 58, 58, -44, -37, 60]]
[[0, 41, 25, 30, 30, 25, 41, 0], [41, 12, -55, 26, 26, -55, 12, 41], [25, -55, 34, 24, 24, 34, -55, 25], [30, 26, 24, 55, 55, 24, 26, 30], [30, 26, 24, 55, 55, 24, 26, 30], [25, -55, 34, 24, 24, 34, -55, 25], [41, 12, -55, 26, 26, -55, 12, 41], [0, 41, 25, 30, 30, 25, 41, 0]]
[[-9, 55, 56, 53, 53, 56, 55, -9], [55, 59, 26, 7, 7, 26, 59, 55], [56, 26, 63, 32, 32, 63, 26, 56], [53, 7, 32, 27, 27, 32, 7, 53], [53, 7, 32, 27, 27, 32, 7, 53], [56, 26, 63, 32, 32, 63, 26, 56], [55, 59, 26, 7, 7, 26, 59, 55], [-9, 55, 56, 53, 53, 56, 55, -9]]
('1', '[247, 181, 204]', '[-15, -25, -61]', '[-105, -12, -8]')
life time:2,black_wins:39,white_wins:34,total_win:34,history_black_win:7,history_white_win:7,ties:4
[[63, -34, 31, 60, 60, 31, -34, 63], [-34, -37, 57, 34, 34, 57, -37, -34], [31, 57, -7, -56, -56, -7, 57, 31], [60, 34, -56, -45, -45, -56, 34, 60], [60, 34, -56, -45, -45, -56, 34, 60], [31, 57, -7, -56, -56, -7, 57, 31], [-34, -37, 57, 34, 34, 57, -37, -34], [63, -34, 31, 60, 60, 31, -34, 63]]
[[40, 26, -3, -59, -59, -3, 26, 40], [26, 11, -4, 8, 8, -4, 11, 26], [-3, -4, 8, 4, 4, 8, -4, -3], [-59, 8, 4, -20, -20, 4, 8, -59], [-59, 8, 4, -20, -20, 4, 8, -59], [-3, -4, 8, 4, 4, 8, -4, -3], [26, 11, -4, 8, 8, -4, 11, 26], [40, 26, -3, -59, -59, -3, 26, 40]]
[[-31, 12, 8, 27, 27, 8, 12, -31], [12, 0, -12, 6, 6, -12, 0, 12], [8, -12, 56, 17, 17, 56, -12, 8], [27, 6, 17, 55, 55, 17, 6, 27], [27, 6, 17, 55, 55, 17, 6, 27], [8, -12, 56, 17, 17, 56, -12, 8], [12, 0, -12, 6, 6, -12, 0, 12], [-31, 12, 8, 27, 27, 8, 12, -31]]
[[-58, 46, -2, -7, -7, -2, 46, -58], [46, 34, -25, -31, -31, -25, 34, 46], [-2, -25, 25, -64, -64, 25, -25, -2], [-7, -31, -64, 59, 59, -64, -31, -7], [-7, -31, -64, 59, 59, -64, -31, -7], [-2, -25, 25, -64, -64, 25, -25, -2], [46, 34, -25, -31, -31, -25, 34, 46], [-58, 46, -2, -7, -7, -2, 46, -58]]
('1', '[146, 148, 196]', '[-28, -26, -22]', '[-65, -93, -38]')
life time:0,black_wins:37,white_wins:34,total_win:34,history_black_win:4,history_white_win:4,ties:1
[[55, -50, 31, 62, 62, 31, -50, 55], [-50, -11, 57, -30, -30, 57, -11, -50], [31, 57, 57, -32, -32, 57, 57, 31], [62, -30, -32, -45, -45, -32, -30, 62], [62, -30, -32, -45, -45, -32, -30, 62], [31, 57, 57, -32, -32, 57, 57, 31], [-50, -11, 57, -30, -30, 57, -11, -50], [55, -50, 31, 62, 62, 31, -50, 55]]
[[-24, 26, -15, -63, -63, -15, 26, -24], [26, 11, -34, 8, 8, -34, 11, 26], [-15, -34, 9, 14, 14, 9, -34, -15], [-63, 8, 14, 44, 44, 14, 8, -63], [-63, 8, 14, 44, 44, 14, 8, -63], [-15, -34, 9, 14, 14, 9, -34, -15], [26, 11, -34, 8, 8, -34, 11, 26], [-24, 26, -15, -63, -63, -15, 26, -24]]
[[36, 4, 17, 27, 27, 17, 4, 36], [4, 4, -16, 6, 6, -16, 4, 4], [17, -16, 61, 25, 25, 61, -16, 17], [27, 6, 25, -9, -9, 25, 6, 27], [27, 6, 25, -9, -9, 25, 6, 27], [17, -16, 61, 25, 25, 61, -16, 17], [4, 4, -16, 6, 6, -16, 4, 4], [36, 4, 17, 27, 27, 17, 4, 36]]
[[-58, 46, -2, -3, -3, -2, 46, -58], [46, 36, -10, -13, -13, -10, 36, 46], [-2, -10, 29, -46, -46, 29, -10, -2], [-3, -13, -46, 59, 59, -46, -13, -3], [-3, -13, -46, 59, 59, -46, -13, -3], [-2, -10, 29, -46, -46, 29, -10, -2], [46, 36, -10, -13, -13, -10, 36, 46], [-58, 46, -2, -3, -3, -2, 46, -58]]
('1', '[187, 148, 138]', '[-26, -30, -21]', '[-89, -95, -38]')
life time:1,black_wins:33,white_wins:34,total_win:33,history_black_win:3,history_white_win:3,ties:13
[[-49, -58, 22, 52, 52, 22, -58, -49], [-58, 10, 19, -26, -26, 19, 10, -58], [22, 19, 58, -56, -56, 58, 19, 22], [52, -26, -56, -47, -47, -56, -26, 52], [52, -26, -56, -47, -47, -56, -26, 52], [22, 19, 58, -56, -56, 58, 19, 22], [-58, 10, 19, -26, -26, 19, 10, -58], [-49, -58, 22, 52, 52, 22, -58, -49]]
[[60, -49, -44, 62, 62, -44, -49, 60], [-49, -20, 25, -22, -22, 25, -20, -49], [-44, 25, 0, -58, -58, 0, 25, -44], [62, -22, -58, 10, 10, -58, -22, 62], [62, -22, -58, 10, 10, -58, -22, 62], [-44, 25, 0, -58, -58, 0, 25, -44], [-49, -20, 25, -22, -22, 25, -20, -49], [60, -49, -44, 62, 62, -44, -49, 60]]
[[16, 41, 25, 29, 29, 25, 41, 16], [41, 12, -39, 26, 26, -39, 12, 41], [25, -39, 11, 24, 24, 11, -39, 25], [29, 26, 24, 23, 23, 24, 26, 29], [29, 26, 24, 23, 23, 24, 26, 29], [25, -39, 11, 24, 24, 11, -39, 25], [41, 12, -39, 26, 26, -39, 12, 41], [16, 41, 25, 29, 29, 25, 41, 16]]
[[-25, 55, 40, 53, 53, 40, 55, -25], [55, 42, 30, 7, 7, 30, 42, 55], [40, 30, 59, 32, 32, 59, 30, 40], [53, 7, 32, 51, 51, 32, 7, 53], [53, 7, 32, 51, 51, 32, 7, 53], [40, 30, 59, 32, 32, 59, 30, 40], [55, 42, 30, 7, 7, 30, 42, 55], [-25, 55, 40, 53, 53, 40, 55, -25]]
('1', '[145, 181, 204]', '[-15, -25, -25]', '[-105, -12, -4]')
life time:2,black_wins:43,white_wins:33,total_win:33,history_black_win:7,history_white_win:4,ties:7
[[23, -56, 54, 22, 22, 54, -56, 23], [-56, 26, 27, 38, 38, 27, 26, -56], [54, 27, 58, -64, -64, 58, 27, 54], [22, 38, -64, -43, -43, -64, 38, 22], [22, 38, -64, -43, -43, -64, 38, 22], [54, 27, 58, -64, -64, 58, 27, 54], [-56, 26, 27, 38, 38, 27, 26, -56], [23, -56, 54, 22, 22, 54, -56, 23]]
[[40, 27, -28, 53, 53, -28, 27, 40], [27, 46, 30, 38, 38, 30, 46, 27], [-28, 30, 2, -52, -52, 2, 30, -28], [53, 38, -52, 12, 12, -52, 38, 53], [53, 38, -52, 12, 12, -52, 38, 53], [-28, 30, 2, -52, -52, 2, 30, -28], [27, 46, 30, 38, 38, 30, 46, 27], [40, 27, -28, 53, 53, -28, 27, 40]]
[[0, 36, 25, 18, 18, 25, 36, 0], [36, -26, -63, 24, 24, -63, -26, 36], [25, -63, 32, 56, 56, 32, -63, 25], [18, 24, 56, 31, 31, 56, 24, 18], [18, 24, 56, 31, 31, 56, 24, 18], [25, -63, 32, 56, 56, 32, -63, 25], [36, -26, -63, 24, 24, -63, -26, 36], [0, 36, 25, 18, 18, 25, 36, 0]]
[[54, 39, 48, -11, -11, 48, 39, 54], [39, 35, -38, 1, 1, -38, 35, 39], [48, -38, 31, 38, 38, 31, -38, 48], [-11, 1, 38, -45, -45, 38, 1, -11], [-11, 1, 38, -45, -45, 38, 1, -11], [48, -38, 31, 38, 38, 31, -38, 48], [39, 35, -38, 1, 1, -38, 35, 39], [54, 39, 48, -11, -11, 48, 39, 54]]
('1', '[211, 149, 207]', '[-25, -30, -53]', '[-125, -28, -64]')
life time:2,black_wins:33,white_wins:34,total_win:33,history_black_win:2,history_white_win:6,ties:7
[[55, -58, 30, 4, 4, 30, -58, 55], [-58, 63, 25, 38, 38, 25, 63, -58], [30, 25, -8, -58, -58, -8, 25, 30], [4, 38, -58, -58, -58, -58, 38, 4], [4, 38, -58, -58, -58, -58, 38, 4], [30, 25, -8, -58, -58, -8, 25, 30], [-58, 63, 25, 38, 38, 25, 63, -58], [55, -58, 30, 4, 4, 30, -58, 55]]
[[56, -57, -11, 37, 37, -11, -57, 56], [-57, 48, -38, 7, 7, -38, 48, -57], [-11, -38, -62, -40, -40, -62, -38, -11], [37, 7, -40, 46, 46, -40, 7, 37], [37, 7, -40, 46, 46, -40, 7, 37], [-11, -38, -62, -40, -40, -62, -38, -11], [-57, 48, -38, 7, 7, -38, 48, -57], [56, -57, -11, 37, 37, -11, -57, 56]]
[[-58, 50, 63, 52, 52, 63, 50, -58], [50, 31, -15, 47, 47, -15, 31, 50], [63, -15, 0, 6, 6, 0, -15, 63], [52, 47, 6, 51, 51, 6, 47, 52], [52, 47, 6, 51, 51, 6, 47, 52], [63, -15, 0, 6, 6, 0, -15, 63], [50, 31, -15, 47, 47, -15, 31, 50], [-58, 50, 63, 52, 52, 63, 50, -58]]
[[49, 34, 41, -11, -11, 41, 34, 49], [34, 8, -19, 8, 8, -19, 8, 34], [41, -19, 47, -16, -16, 47, -19, 41], [-11, 8, -16, -42, -42, -16, 8, -11], [-11, 8, -16, -42, -42, -16, 8, -11], [41, -19, 47, -16, -16, 47, -19, 41], [34, 8, -19, 8, 8, -19, 8, 34], [49, 34, 41, -11, -11, 41, 34, 49]]
('1', '[147, 164, 236]', '[-60, -56, -56]', '[-44, -13, 0]')
life time:2,black_wins:38,white_wins:33,total_win:33,history_black_win:5,history_white_win:6,ties:7
[[-61, -28, 63, -10, -10, 63, -28, -61], [-28, 25, 3, 38, 38, 3, 25, -28], [63, 3, -8, -60, -60, -8, 3, 63], [-10, 38, -60, -47, -47, -60, 38, -10], [-10, 38, -60, -47, -47, -60, 38, -10], [63, 3, -8, -60, -60, -8, 3, 63], [-28, 25, 3, 38, 38, 3, 25, -28], [-61, -28, 63, -10, -10, 63, -28, -61]]
[[60, -37, -43, 25, 25, -43, -37, 60], [-37, 62, 63, 40, 40, 63, 62, -37], [-43, 63, 0, -64, -64, 0, 63, -43], [25, 40, -64, 14, 14, -64, 40, 25], [25, 40, -64, 14, 14, -64, 40, 25], [-43, 63, 0, -64, -64, 0, 63, -43], [-37, 62, 63, 40, 40, 63, 62, -37], [60, -37, -43, 25, 25, -43, -37, 60]]
[[-32, 44, 27, 28, 28, 27, 44, -32], [44, 36, -39, 22, 22, -39, 36, 44], [27, -39, 32, 25, 25, 32, -39, 27], [28, 22, 25, 31, 31, 25, 22, 28], [28, 22, 25, 31, 31, 25, 22, 28], [27, -39, 32, 25, 25, 32, -39, 27], [44, 36, -39, 22, 22, -39, 36, 44], [-32, 44, 27, 28, 28, 27, 44, -32]]
[[-9, 63, 56, 53, 53, 56, 63, -9], [63, 58, -38, 14, 14, -38, 58, 63], [56, -38, 63, 34, 34, 63, -38, 56], [53, 14, 34, 27, 27, 34, 14, 53], [53, 14, 34, 27, 27, 34, 14, 53], [56, -38, 63, 34, 34, 63, -38, 56], [63, 58, -38, 14, 14, -38, 58, 63], [-9, 63, 56, 53, 53, 56, 63, -9]]
('1', '[83, 183, 220]', '[-11, -17, -62]', '[-104, -13, -10]')
life time:2,black_wins:33,white_wins:35,total_win:33,history_black_win:3,history_white_win:5,ties:6
[[63, -51, -34, 61, 61, -34, -51, 63], [-51, 56, 61, 46, 46, 61, 56, -51], [-34, 61, -5, -48, -48, -5, 61, -34], [61, 46, -48, -39, -39, -48, 46, 61], [61, 46, -48, -39, -39, -48, 46, 61], [-34, 61, -5, -48, -48, -5, 61, -34], [-51, 56, 61, 46, 46, 61, 56, -51], [63, -51, -34, 61, 61, -34, -51, 63]]
[[41, -41, -28, -4, -4, -28, -41, 41], [-41, 35, -4, 36, 36, -4, 35, -41], [-28, -4, 34, -44, -44, 34, -4, -28], [-4, 36, -44, -19, -19, -44, 36, -4], [-4, 36, -44, -19, -19, -44, 36, -4], [-28, -4, 34, -44, -44, 34, -4, -28], [-41, 35, -4, 36, 36, -4, 35, -41], [41, -41, -28, -4, -4, -28, -41, 41]]
[[39, 60, -40, 48, 48, -40, 60, 39], [60, 14, -47, 40, 40, -47, 14, 60], [-40, -47, 56, 33, 33, 56, -47, -40], [48, 40, 33, -37, -37, 33, 40, 48], [48, 40, 33, -37, -37, 33, 40, 48], [-40, -47, 56, 33, 33, 56, -47, -40], [60, 14, -47, 40, 40, -47, 14, 60], [39, 60, -40, 48, 48, -40, 60, 39]]
[[-16, 45, 52, 49, 49, 52, 45, -16], [45, 6, -59, 9, 9, -59, 6, 45], [52, -59, 27, 16, 16, 27, -59, 52], [49, 9, 16, -22, -22, 16, 9, 49], [49, 9, 16, -22, -22, 16, 9, 49], [52, -59, 27, 16, 16, 27, -59, 52], [45, 6, -59, 9, 9, -59, 6, 45], [-16, 45, 52, 49, 49, 52, 45, -16]]
('1', '[115, 221, 78]', '[14, -30, -24]', '[-104, -46, -13]')
life time:1,black_wins:33,white_wins:38,total_win:33,history_black_win:3,history_white_win:7,ties:5
[[38, -26, 31, -36, -36, 31, -26, 38], [-26, 31, 19, 38, 38, 19, 31, -26], [31, 19, 43, -45, -45, 43, 19, 31], [-36, 38, -45, -42, -42, -45, 38, -36], [-36, 38, -45, -42, -42, -45, 38, -36], [31, 19, 43, -45, -45, 43, 19, 31], [-26, 31, 19, 38, 38, 19, 31, -26], [38, -26, 31, -36, -36, 31, -26, 38]]
[[58, -34, -35, -40, -40, -35, -34, 58], [-34, 44, 28, -28, -28, 28, 44, -34], [-35, 28, 0, -44, -44, 0, 28, -35], [-40, -28, -44, 28, 28, -44, -28, -40], [-40, -28, -44, 28, 28, -44, -28, -40], [-35, 28, 0, -44, -44, 0, 28, -35], [-34, 44, 28, -28, -28, 28, 44, -34], [58, -34, -35, -40, -40, -35, -34, 58]]
[[2, 59, 51, 30, 30, 51, 59, 2], [59, 47, -56, 7, 7, -56, 47, 59], [51, -56, 42, 0, 0, 42, -56, 51], [30, 7, 0, 53, 53, 0, 7, 30], [30, 7, 0, 53, 53, 0, 7, 30], [51, -56, 42, 0, 0, 42, -56, 51], [59, 47, -56, 7, 7, -56, 47, 59], [2, 59, 51, 30, 30, 51, 59, 2]]
[[-46, 36, 9, 53, 53, 9, 36, -46], [36, 46, -54, 51, 51, -54, 46, 36], [9, -54, 58, 49, 49, 58, -54, 9], [53, 51, 49, 3, 3, 49, 51, 53], [53, 51, 49, 3, 3, 49, 51, 53], [9, -54, 58, 49, 49, 58, -54, 9], [36, 46, -54, 51, 51, -54, 46, 36], [-46, 36, 9, 53, 53, 9, 36, -46]]
('1', '[247, 245, 196]', '[-14, -25, -45]', '[-105, -54, -42]')
life time:7,black_wins:36,white_wins:33,total_win:33,history_black_win:5,history_white_win:6,ties:5
[[49, -18, 27, -4, -4, 27, -18, 49], [-18, 60, 27, 54, 54, 27, 60, -18], [27, 27, 41, -6, -6, 41, 27, 27], [-4, 54, -6, -50, -50, -6, 54, -4], [-4, 54, -6, -50, -50, -6, 54, -4], [27, 27, 41, -6, -6, 41, 27, 27], [-18, 60, 27, 54, 54, 27, 60, -18], [49, -18, 27, -4, -4, 27, -18, 49]]
[[58, -28, -47, -55, -55, -47, -28, 58], [-28, 11, 28, 4, 4, 28, 11, -28], [-47, 28, 0, -12, -12, 0, 28, -47], [-55, 4, -12, 28, 28, -12, 4, -55], [-55, 4, -12, 28, 28, -12, 4, -55], [-47, 28, 0, -12, -12, 0, 28, -47], [-28, 11, 28, 4, 4, 28, 11, -28], [58, -28, -47, -55, -55, -47, -28, 58]]
[[-42, 54, 54, 30, 30, 54, 54, -42], [54, 47, -40, 7, 7, -40, 47, 54], [54, -40, 34, -64, -64, 34, -40, 54], [30, 7, -64, -15, -15, -64, 7, 30], [30, 7, -64, -15, -15, -64, 7, 30], [54, -40, 34, -64, -64, 34, -40, 54], [54, 47, -40, 7, 7, -40, 47, 54], [-42, 54, 54, 30, 30, 54, 54, -42]]
[[-43, 32, 35, 33, 33, 35, 32, -43], [32, 6, -22, -61, -61, -22, 6, 32], [35, -22, -24, 49, 49, -24, -22, 35], [33, -61, 49, 34, 34, 49, -61, 33], [33, -61, 49, 34, 34, 49, -61, 33], [35, -22, -24, 49, 49, -24, -22, 35], [32, 6, -22, -61, -61, -22, 6, 32], [-43, 32, 35, 33, 33, 35, 32, -43]]
('1', '[51, 124, 198]', '[-10, -24, -45]', '[-108, -55, -62]')
life time:0,black_wins:33,white_wins:43,total_win:33,history_black_win:2,history_white_win:5,ties:3
[[-32, -51, 30, -33, -33, 30, -51, -32], [-51, 59, 53, -7, -7, 53, 59, -51], [30, 53, -7, -47, -47, -7, 53, 30], [-33, -7, -47, -36, -36, -47, -7, -33], [-33, -7, -47, -36, -36, -47, -7, -33], [30, 53, -7, -47, -47, -7, 53, 30], [-51, 59, 53, -7, -7, 53, 59, -51], [-32, -51, 30, -33, -33, 30, -51, -32]]
[[-6, -56, -60, -45, -45, -60, -56, -6], [-56, 43, 6, 30, 30, 6, 43, -56], [-60, 6, 0, -14, -14, 0, 6, -60], [-45, 30, -14, 10, 10, -14, 30, -45], [-45, 30, -14, 10, 10, -14, 30, -45], [-60, 6, 0, -14, -14, 0, 6, -60], [-56, 43, 6, 30, 30, 6, 43, -56], [-6, -56, -60, -45, -45, -60, -56, -6]]
[[-51, 54, 29, 21, 21, 29, 54, -51], [54, 13, -8, 46, 46, -8, 13, 54], [29, -8, 49, 4, 4, 49, -8, 29], [21, 46, 4, -2, -2, 4, 46, 21], [21, 46, 4, -2, -2, 4, 46, 21], [29, -8, 49, 4, 4, 49, -8, 29], [54, 13, -8, 46, 46, -8, 13, 54], [-51, 54, 29, 21, 21, 29, 54, -51]]
[[-1, 53, 0, -15, -15, 0, 53, -1], [53, -26, 62, 6, 6, 62, -26, 53], [0, 62, 56, 32, 32, 56, 62, 0], [-15, 6, 32, 16, 16, 32, 6, -15], [-15, 6, 32, 16, 16, 32, 6, -15], [0, 62, 56, 32, 32, 56, 62, 0], [53, -26, 62, 6, 6, 62, -26, 53], [-1, 53, 0, -15, -15, 0, 53, -1]]
('1', '[179, 183, 200]', '[-12, -27, -48]', '[-108, -62, -42]')
life time:0,black_wins:32,white_wins:36,total_win:32,history_black_win:3,history_white_win:7,ties:9
[[54, -54, -58, -11, -11, -58, -54, 54], [-54, 59, 51, 54, 54, 51, 59, -54], [-58, 51, 28, -64, -64, 28, 51, -58], [-11, 54, -64, -53, -53, -64, 54, -11], [-11, 54, -64, -53, -53, -64, 54, -11], [-58, 51, 28, -64, -64, 28, 51, -58], [-54, 59, 51, 54, 54, 51, 59, -54], [54, -54, -58, -11, -11, -58, -54, 54]]
[[8, -39, -28, 34, 34, -28, -39, 8], [-39, -35, 62, 4, 4, 62, -35, -39], [-28, 62, -48, 12, 12, -48, 62, -28], [34, 4, 12, 9, 9, 12, 4, 34], [34, 4, 12, 9, 9, 12, 4, 34], [-28, 62, -48, 12, 12, -48, 62, -28], [-39, -35, 62, 4, 4, 62, -35, -39], [8, -39, -28, 34, 34, -28, -39, 8]]
[[16, 46, -55, 48, 48, -55, 46, 16], [46, 6, -21, 13, 13, -21, 6, 46], [-55, -21, 58, -16, -16, 58, -21, -55], [48, 13, -16, 39, 39, -16, 13, 48], [48, 13, -16, 39, 39, -16, 13, 48], [-55, -21, 58, -16, -16, 58, -21, -55], [46, 6, -21, 13, 13, -21, 6, 46], [16, 46, -55, 48, 48, -55, 46, 16]]
[[-14, 62, -12, -10, -10, -12, 62, -14], [62, -56, -48, 1, 1, -48, -56, 62], [-12, -48, -35, 44, 44, -35, -48, -12], [-10, 1, 44, 6, 6, 44, 1, -10], [-10, 1, 44, 6, 6, 44, 1, -10], [-12, -48, -35, 44, 44, -35, -48, -12], [62, -56, -48, 1, 1, -48, -56, 62], [-14, 62, -12, -10, -10, -12, 62, -14]]
('1', '[187, 185, 155]', '[-34, -25, -50]', '[-100, -92, -7]')
life time:6,black_wins:35,white_wins:32,total_win:32,history_black_win:2,history_white_win:3,ties:9
[[23, -50, 27, -2, -2, 27, -50, 23], [-50, 45, 57, -5, -5, 57, 45, -50], [27, 57, -5, -62, -62, -5, 57, 27], [-2, -5, -62, -38, -38, -62, -5, -2], [-2, -5, -62, -38, -38, -62, -5, -2], [27, 57, -5, -62, -62, -5, 57, 27], [-50, 45, 57, -5, -5, 57, 45, -50], [23, -50, 27, -2, -2, 27, -50, 23]]
[[42, 30, -47, 4, 4, -47, 30, 42], [30, 3, 28, 6, 6, 28, 3, 30], [-47, 28, 11, -52, -52, 11, 28, -47], [4, 6, -52, 44, 44, -52, 6, 4], [4, 6, -52, 44, 44, -52, 6, 4], [-47, 28, 11, -52, -52, 11, 28, -47], [30, 3, 28, 6, 6, 28, 3, 30], [42, 30, -47, 4, 4, -47, 30, 42]]
[[36, 52, -47, 19, 19, -47, 52, 36], [52, 4, -8, 5, 5, -8, 4, 52], [-47, -8, 63, -48, -48, 63, -8, -47], [19, 5, -48, -29, -29, -48, 5, 19], [19, 5, -48, -29, -29, -48, 5, 19], [-47, -8, 63, -48, -48, 63, -8, -47], [52, 4, -8, 5, 5, -8, 4, 52], [36, 52, -47, 19, 19, -47, 52, 36]]
[[-64, 46, -6, -15, -15, -6, 46, -64], [46, 36, -2, -13, -13, -2, 36, 46], [-6, -2, -52, -46, -46, -52, -2, -6], [-15, -13, -46, 34, 34, -46, -13, -15], [-15, -13, -46, 34, 34, -46, -13, -15], [-6, -2, -52, -46, -46, -52, -2, -6], [46, 36, -2, -13, -13, -2, 36, 46], [-64, 46, -6, -15, -15, -6, 46, -64]]
('1', '[123, 148, 202]', '[-26, -62, -21]', '[-105, -31, -53]')
life time:1,black_wins:32,white_wins:32,total_win:32,history_black_win:2,history_white_win:4,ties:9
[[62, -54, 44, 52, 52, 44, -54, 62], [-54, 59, 51, 6, 6, 51, 59, -54], [44, 51, 61, -62, -62, 61, 51, 44], [52, 6, -62, -50, -50, -62, 6, 52], [52, 6, -62, -50, -50, -62, 6, 52], [44, 51, 61, -62, -62, 61, 51, 44], [-54, 59, 51, 6, 6, 51, 59, -54], [62, -54, 44, 52, 52, 44, -54, 62]]
[[44, -31, 36, 33, 33, 36, -31, 44], [-31, -5, -2, 34, 34, -2, -5, -31], [36, -2, -62, 14, 14, -62, -2, 36], [33, 34, 14, 8, 8, 14, 34, 33], [33, 34, 14, 8, 8, 14, 34, 33], [36, -2, -62, 14, 14, -62, -2, 36], [-31, -5, -2, 34, 34, -2, -5, -31], [44, -31, 36, 33, 33, 36, -31, 44]]
[[28, 10, 10, 50, 50, 10, 10, 28], [10, 23, -29, 13, 13, -29, 23, 10], [10, -29, 58, -44, -44, 58, -29, 10], [50, 13, -44, 34, 34, -44, 13, 50], [50, 13, -44, 34, 34, -44, 13, 50], [10, -29, 58, -44, -44, 58, -29, 10], [10, 23, -29, 13, 13, -29, 23, 10], [28, 10, 10, 50, 50, 10, 10, 28]]
[[-14, 60, 20, -14, -14, 20, 60, -14], [60, -24, -48, 38, 38, -48, -24, 60], [20, -48, -35, 45, 45, -35, -48, 20], [-14, 38, 45, 4, 4, 45, 38, -14], [-14, 38, 45, 4, 4, 45, 38, -14], [20, -48, -35, 45, 45, -35, -48, 20], [60, -24, -48, 38, 38, -48, -24, 60], [-14, 60, 20, -14, -14, 20, 60, -14]]
('1', '[243, 59, 255]', '[-18, -27, -52]', '[-101, -92, -12]')
life time:0,black_wins:34,white_wins:32,total_win:32,history_black_win:5,history_white_win:4,ties:9
[[18, -36, 2, -4, -4, 2, -36, 18], [-36, 57, 62, 63, 63, 62, 57, -36], [2, 62, 33, -37, -37, 33, 62, 2], [-4, 63, -37, -54, -54, -37, 63, -4], [-4, 63, -37, -54, -54, -37, 63, -4], [2, 62, 33, -37, -37, 33, 62, 2], [-36, 57, 62, 63, 63, 62, 57, -36], [18, -36, 2, -4, -4, 2, -36, 18]]
[[44, -28, -63, 44, 44, -63, -28, 44], [-28, 11, 28, -28, -28, 28, 11, -28], [-63, 28, 0, -10, -10, 0, 28, -63], [44, -28, -10, 15, 15, -10, -28, 44], [44, -28, -10, 15, 15, -10, -28, 44], [-63, 28, 0, -10, -10, 0, 28, -63], [-28, 11, 28, -28, -28, 28, 11, -28], [44, -28, -63, 44, 44, -63, -28, 44]]
[[-10, 54, 54, 28, 28, 54, 54, -10], [54, 47, -40, 47, 47, -40, 47, 54], [54, -40, 40, 50, 50, 40, -40, 54], [28, 47, 50, -41, -41, 50, 47, 28], [28, 47, 50, -41, -41, 50, 47, 28], [54, -40, 40, 50, 50, 40, -40, 54], [54, 47, -40, 47, 47, -40, 47, 54], [-10, 54, 54, 28, 28, 54, 54, -10]]
[[-24, 48, 36, 37, 37, 36, 48, -24], [48, 54, -38, -29, -29, -38, 54, 48], [36, -38, -20, 53, 53, -20, -38, 36], [37, -29, 53, 4, 4, 53, -29, 37], [37, -29, 53, 4, 4, 53, -29, 37], [36, -38, -20, 53, 53, -20, -38, 36], [48, 54, -38, -29, -29, -38, 54, 48], [-24, 48, 36, 37, 37, 36, 48, -24]]
('1', '[179, 254, 130]', '[52, -24, -45]', '[-32, -63, -62]')
life time:1,black_wins:32,white_wins:32,total_win:32,history_black_win:3,history_white_win:5,ties:6
[[62, -33, 31, 60, 60, 31, -33, 62], [-33, -1, 55, -30, -30, 55, -1, -33], [31, 55, 49, -54, -54, 49, 55, 31], [60, -30, -54, -49, -49, -54, -30, 60], [60, -30, -54, -49, -49, -54, -30, 60], [31, 55, 49, -54, -54, 49, 55, 31], [-33, -1, 55, -30, -30, 55, -1, -33], [62, -33, 31, 60, 60, 31, -33, 62]]
[[60, 18, 27, 24, 24, 27, 18, 60], [18, 11, -36, 44, 44, -36, 11, 18], [27, -36, 8, 36, 36, 8, -36, 27], [24, 44, 36, 41, 41, 36, 44, 24], [24, 44, 36, 41, 41, 36, 44, 24], [27, -36, 8, 36, 36, 8, -36, 27], [18, 11, -36, 44, 44, -36, 11, 18], [60, 18, 27, 24, 24, 27, 18, 60]]
[[0, 20, 24, 27, 27, 24, 20, 0], [20, 4, -7, 6, 6, -7, 4, 20], [24, -7, 58, 48, 48, 58, -7, 24], [27, 6, 48, 55, 55, 48, 6, 27], [27, 6, 48, 55, 55, 48, 6, 27], [24, -7, 58, 48, 48, 58, -7, 24], [20, 4, -7, 6, 6, -7, 4, 20], [0, 20, 24, 27, 27, 24, 20, 0]]
[[15, 54, 30, -5, -5, 30, 54, 15], [54, 34, 63, -59, -59, 63, 34, 54], [30, 63, 29, 32, 32, 29, 63, 30], [-5, -59, 32, 3, 3, 32, -59, -5], [-5, -59, 32, 3, 3, 32, -59, -5], [30, 63, 29, 32, 32, 29, 63, 30], [54, 34, 63, -59, -59, 63, 34, 54], [15, 54, 30, -5, -5, 30, 54, 15]]
('1', '[23, 221, 164]', '[-28, -20, -29]', '[-109, -63, -38]')
life time:6,black_wins:36,white_wins:31,total_win:31,history_black_win:5,history_white_win:4,ties:17
[[59, -52, 14, -11, -11, 14, -52, 59], [-52, 59, 19, 32, 32, 19, 59, -52], [14, 19, -7, -56, -56, -7, 19, 14], [-11, 32, -56, -38, -38, -56, 32, -11], [-11, 32, -56, -38, -38, -56, 32, -11], [14, 19, -7, -56, -56, -7, 19, 14], [-52, 59, 19, 32, 32, 19, 59, -52], [59, -52, 14, -11, -11, 14, -52, 59]]
[[62, -19, -47, 61, 61, -47, -19, 62], [-19, -12, 12, -3, -3, 12, -12, -19], [-47, 12, -56, -24, -24, -56, 12, -47], [61, -3, -24, 43, 43, -24, -3, 61], [61, -3, -24, 43, 43, -24, -3, 61], [-47, 12, -56, -24, -24, -56, 12, -47], [-19, -12, 12, -3, -3, 12, -12, -19], [62, -19, -47, 61, 61, -47, -19, 62]]
[[-64, 44, 4, -64, -64, 4, 44, -64], [44, 45, -24, 35, 35, -24, 45, 44], [4, -24, 40, 19, 19, 40, -24, 4], [-64, 35, 19, -35, -35, 19, 35, -64], [-64, 35, 19, -35, -35, 19, 35, -64], [4, -24, 40, 19, 19, 40, -24, 4], [44, 45, -24, 35, 35, -24, 45, 44], [-64, 44, 4, -64, -64, 4, 44, -64]]
[[-20, 56, 34, 55, 55, 34, 56, -20], [56, 62, -55, -19, -19, -55, 62, 56], [34, -55, 13, 38, 38, 13, -55, 34], [55, -19, 38, 53, 53, 38, -19, 55], [55, -19, 38, 53, 53, 38, -19, 55], [34, -55, 13, 38, 38, 13, -55, 34], [56, 62, -55, -19, -19, -55, 62, 56], [-20, 56, 34, 55, 55, 34, 56, -20]]
('1', '[51, 127, 221]', '[-60, -27, -62]', '[-4, -59, -4]')
life time:0,black_wins:31,white_wins:38,total_win:31,history_black_win:3,history_white_win:6,ties:8
[[19, -52, 6, -42, -42, 6, -52, 19], [-52, 59, 31, 60, 60, 31, 59, -52], [6, 31, 56, -62, -62, 56, 31, 6], [-42, 60, -62, -45, -45, -62, 60, -42], [-42, 60, -62, -45, -45, -62, 60, -42], [6, 31, 56, -62, -62, 56, 31, 6], [-52, 59, 31, 60, 60, 31, 59, -52], [19, -52, 6, -42, -42, 6, -52, 19]]
[[46, 39, 36, 61, 61, 36, 39, 46], [39, -20, 28, 38, 38, 28, -20, 39], [36, 28, 34, -24, -24, 34, 28, 36], [61, 38, -24, 15, 15, -24, 38, 61], [61, 38, -24, 15, 15, -24, 38, 61], [36, 28, 34, -24, -24, 34, 28, 36], [39, -20, 28, 38, 38, 28, -20, 39], [46, 39, 36, 61, 61, 36, 39, 46]]
[[-62, 37, 7, -58, -58, 7, 37, -62], [37, 15, -56, 59, 59, -56, 15, 37], [7, -56, 48, 24, 24, 48, -56, 7], [-58, 59, 24, -33, -33, 24, 59, -58], [-58, 59, 24, -33, -33, 24, 59, -58], [7, -56, 48, 24, 24, 48, -56, 7], [37, 15, -56, 59, 59, -56, 15, 37], [-62, 37, 7, -58, -58, 7, 37, -62]]
[[-4, -30, 32, 55, 55, 32, -30, -4], [-30, -29, -55, 5, 5, -55, -29, -30], [32, -55, 44, 32, 32, 44, -55, 32], [55, 5, 32, 19, 19, 32, 5, 55], [55, 5, 32, 19, 19, 32, 5, 55], [32, -55, 44, 32, 32, 44, -55, 32], [-30, -29, -55, 5, 5, -55, -29, -30], [-4, -30, 32, 55, 55, 32, -30, -4]]
('1', '[145, 148, 212]', '[-25, -29, -61]', '[-101, -60, -68]')
life time:1,black_wins:31,white_wins:33,total_win:31,history_black_win:3,history_white_win:6,ties:7
[[-62, -52, 14, -36, -36, 14, -52, -62], [-52, 59, 63, 61, 61, 63, 59, -52], [14, 63, 49, -53, -53, 49, 63, 14], [-36, 61, -53, -37, -37, -53, 61, -36], [-36, 61, -53, -37, -37, -53, 61, -36], [14, 63, 49, -53, -53, 49, 63, 14], [-52, 59, 63, 61, 61, 63, 59, -52], [-62, -52, 14, -36, -36, 14, -52, -62]]
[[46, -19, 4, 62, 62, 4, -19, 46], [-19, -63, 28, -12, -12, 28, -63, -19], [4, 28, 0, -30, -30, 0, 28, 4], [62, -12, -30, 11, 11, -30, -12, 62], [62, -12, -30, 11, 11, -30, -12, 62], [4, 28, 0, -30, -30, 0, 28, 4], [-19, -63, 28, -12, -12, 28, -63, -19], [46, -19, 4, 62, 62, 4, -19, 46]]
[[-58, 37, 7, -44, -44, 7, 37, -58], [37, 13, -24, 59, 59, -24, 13, 37], [7, -24, 32, 18, 18, 32, -24, 7], [-44, 59, 18, -33, -33, 18, 59, -44], [-44, 59, 18, -33, -33, 18, 59, -44], [7, -24, 32, 18, 18, 32, -24, 7], [37, 13, -24, 59, 59, -24, 13, 37], [-58, 37, 7, -44, -44, 7, 37, -58]]
[[-24, 48, 32, 55, 55, 32, 48, -24], [48, 54, -55, -25, -25, -55, 54, 48], [32, -55, 12, 32, 32, 12, -55, 32], [55, -25, 32, 21, 21, 32, -25, 55], [55, -25, 32, 21, 21, 32, -25, 55], [32, -55, 12, 32, 32, 12, -55, 32], [48, 54, -55, -25, -25, -55, 54, 48], [-24, 48, 32, 55, 55, 32, 48, -24]]
('1', '[145, 254, 148]', '[-36, -27, -64]', '[-5, -59, -12]')
